SumNode_0 SumNode(0.23083333333333333*ProductNode_1, 0.7691666666666667*ProductNode_76){
	ProductNode_1 ProductNode(SumNode_2, HistNode_9, SumNode_10, HistNode_17, HistNode_18, SumNode_19, HistNode_26, SumNode_27, HistNode_34, HistNode_35, HistNode_36, HistNode_37, HistNode_38, HistNode_39, HistNode_40, HistNode_41, HistNode_42, HistNode_43, HistNode_44, HistNode_45, SumNode_46, HistNode_53, HistNode_54, HistNode_55, HistNode_56, HistNode_57, HistNode_58, HistNode_59, HistNode_60, SumNode_61, HistNode_72, HistNode_73, HistNode_74, HistNode_75){
		SumNode_2 SumNode(0.9458483754512635*ProductNode_3, 0.05415162454873646*ProductNode_6){
			ProductNode_3 ProductNode(HistNode_4, HistNode_5){
				HistNode_4 Hist(pca|pw=0.0,pd=0.038461538461538464) [ 0., 1., 2., 3., 4., 5., 6., 8., 9.,10.,11.,14.,15.,16.,17.,18.,19.,20.,
				 24.,26.,27.,31.,32.,38.,48.,71.,72.] [0.8888888889,0.0138888889,0.0034722222,0.0069444444,0.0034722222,
				 0.0034722222,0.0034722222,0.0069444444,0.0034722222,0.0069444444,
				 0.0034722222,0.0034722222,0.0034722222,0.0034722222,0.0034722222,
				 0.0034722222,0.0034722222,0.0043402778,0.0034722222,0.0034722222,
				 0.0034722222,0.0034722222,0.0034722222,0.0034722222,0.0034722222,
				 0.0034722222]
				HistNode_5 Hist(component|pw=0.0,pd=0.02702702702702703) [ 0., 1., 2., 3., 4., 5., 6., 7., 8., 9.,10.,11.,12.,13.,14.,15.,16.,17.,
				 19.,20.,21.,22.,24.,25.,26.,27.,29.,30.,32.,36.,37.,41.,51.,53.,56.,61.,
				 76.,77.] [0.5050167224,0.1571906355,0.0869565217,0.0635451505,0.0334448161,
				 0.0200668896,0.016722408 ,0.0133779264,0.0100334448,0.0033444816,
				 0.0033444816,0.0033444816,0.0033444816,0.0033444816,0.0033444816,
				 0.0033444816,0.0033444816,0.0033444816,0.0033444816,0.0033444816,
				 0.0033444816,0.0033444816,0.0033444816,0.0033444816,0.0033444816,
				 0.0033444816,0.0033444816,0.0033444816,0.0033444816,0.0033444816,
				 0.0033444816,0.0033444816,0.0033444816,0.0033444816,0.0033444816,
				 0.0033444816,0.0033444816]
				}
			ProductNode_6 ProductNode(HistNode_7, HistNode_8){
				HistNode_7 Hist(pca|pw=0.0,pd=0.038461538461538464) [ 0., 1., 2., 3., 4., 5., 6., 8., 9.,10.,11.,14.,15.,16.,17.,18.,19.,20.,
				 24.,26.,27.,31.,32.,38.,48.,71.,72.] [0.2682926829,0.0487804878,0.0243902439,0.0243902439,0.0487804878,
				 0.0487804878,0.0243902439,0.0487804878,0.0243902439,0.0243902439,
				 0.0243902439,0.0243902439,0.0487804878,0.0243902439,0.0243902439,
				 0.0243902439,0.0243902439,0.0243902439,0.0243902439,0.0243902439,
				 0.0243902439,0.0243902439,0.0243902439,0.0243902439,0.0243902439,
				 0.0243902439]
				HistNode_8 Hist(component|pw=0.0,pd=0.02702702702702703) [ 0., 1., 2., 3., 4., 5., 6., 7., 8., 9.,10.,11.,12.,13.,14.,15.,16.,17.,
				 19.,20.,21.,22.,24.,25.,26.,27.,29.,30.,32.,36.,37.,41.,51.,53.,56.,61.,
				 76.,77.] [0.0192307692,0.0192307692,0.0192307692,0.0192307692,0.0192307692,
				 0.0192307692,0.0192307692,0.0192307692,0.0384615385,0.0192307692,
				 0.0192307692,0.0576923077,0.0384615385,0.0384615385,0.0576923077,
				 0.1153846154,0.0192307692,0.0192307692,0.0384615385,0.0384615385,
				 0.0192307692,0.0192307692,0.0192307692,0.0192307692,0.0192307692,
				 0.0192307692,0.0192307692,0.0192307692,0.0192307692,0.0384615385,
				 0.0192307692,0.0192307692,0.0192307692,0.0192307692,0.0192307692,
				 0.0192307692,0.0192307692]
				}
			}
		HistNode_9 Hist(building|pw=0.0,pd=0.1111111111111111) [ 0., 1., 2., 3., 4., 5.,12.,14.,71.,72.] [0.8391608392,0.1013986014,0.020979021 ,0.0174825175,0.006993007 ,
		 0.0034965035,0.0034965035,0.0034965035,0.0034965035]
		SumNode_10 SumNode(0.5776173285198556*ProductNode_11, 0.4223826714801444*ProductNode_14){
			ProductNode_11 ProductNode(HistNode_12, HistNode_13){
				HistNode_12 Hist(training|pw=0.0,pd=0.02040816326530612) [ 0., 1., 2., 3., 4., 5., 6., 7., 8., 9.,10.,11.,12.,13.,14.,15.,16.,17.,
				 18.,19.,20.,21.,22.,23.,24.,25.,26.,27.,28.,29.,30.,31.,32.,33.,35.,38.,
				 39.,40.,41.,42.,43.,44.,45.,48.,49.,54.,55.,57.,71.,72.] [0.009569378 ,0.009569378 ,0.004784689 ,0.004784689 ,0.004784689 ,
				 0.004784689 ,0.009569378 ,0.004784689 ,0.023923445 ,0.014354067 ,
				 0.019138756 ,0.028708134 ,0.023923445 ,0.028708134 ,0.033492823 ,
				 0.028708134 ,0.04784689  ,0.028708134 ,0.023923445 ,0.04784689  ,
				 0.0526315789,0.04784689  ,0.023923445 ,0.023923445 ,0.033492823 ,
				 0.04784689  ,0.028708134 ,0.023923445 ,0.0526315789,0.023923445 ,
				 0.009569378 ,0.019138756 ,0.014354067 ,0.009569378 ,0.0079744817,
				 0.019138756 ,0.009569378 ,0.019138756 ,0.004784689 ,0.014354067 ,
				 0.009569378 ,0.004784689 ,0.009569378 ,0.014354067 ,0.0066985646,
				 0.009569378 ,0.0071770335,0.0051264525,0.009569378 ]
				HistNode_13 Hist(data|pw=0.0,pd=0.01818181818181818) [ 0., 1., 2., 3., 4., 5., 6., 7., 8., 9.,10.,11.,12.,13.,14.,15.,16.,17.,
				 18.,19.,20.,21.,22.,23.,24.,25.,26.,27.,28.,29.,30.,31.,32.,33.,34.,35.,
				 36.,38.,39.,40.,41.,42.,43.,46.,47.,48.,49.,50.,55.,57.,60.,62.,66.,70.,
				 73.,74.] [0.0372093023,0.0790697674,0.0465116279,0.0511627907,0.0186046512,
				 0.0511627907,0.0465116279,0.0372093023,0.0372093023,0.0558139535,
				 0.0465116279,0.0325581395,0.023255814 ,0.0465116279,0.023255814 ,
				 0.023255814 ,0.0325581395,0.0186046512,0.0325581395,0.023255814 ,
				 0.0325581395,0.0046511628,0.0093023256,0.0093023256,0.0139534884,
				 0.0093023256,0.023255814 ,0.0046511628,0.0046511628,0.0046511628,
				 0.0046511628,0.0046511628,0.0046511628,0.0046511628,0.0046511628,
				 0.0046511628,0.0046511628,0.0093023256,0.0046511628,0.0046511628,
				 0.0046511628,0.0046511628,0.0046511628,0.0046511628,0.0046511628,
				 0.0046511628,0.0046511628,0.0046511628,0.0046511628,0.0046511628,
				 0.0046511628,0.0046511628,0.0046511628,0.0046511628,0.0046511628]
				}
			ProductNode_14 ProductNode(HistNode_15, HistNode_16){
				HistNode_15 Hist(training|pw=0.0,pd=0.02040816326530612) [ 0., 1., 2., 3., 4., 5., 6., 7., 8., 9.,10.,11.,12.,13.,14.,15.,16.,17.,
				 18.,19.,20.,21.,22.,23.,24.,25.,26.,27.,28.,29.,30.,31.,32.,33.,35.,38.,
				 39.,40.,41.,42.,43.,44.,45.,48.,49.,54.,55.,57.,71.,72.] [0.1144578313,0.0481927711,0.0361445783,0.0421686747,0.0361445783,
				 0.078313253 ,0.0481927711,0.0301204819,0.0301204819,0.0421686747,
				 0.0361445783,0.0120481928,0.0240963855,0.0301204819,0.0361445783,
				 0.0301204819,0.0180722892,0.0060240964,0.0240963855,0.0120481928,
				 0.0361445783,0.0240963855,0.0180722892,0.0180722892,0.0060240964,
				 0.0060240964,0.0060240964,0.0060240964,0.0120481928,0.0060240964,
				 0.0120481928,0.0060240964,0.0060240964,0.0090361446,0.0060240964,
				 0.0060240964,0.0060240964,0.0060240964,0.0060240964,0.0060240964,
				 0.0060240964,0.0060240964,0.0060240964,0.0060240964,0.0060240964,
				 0.0060240964,0.0060240964,0.0060240964,0.0060240964]
				HistNode_16 Hist(data|pw=0.0,pd=0.01818181818181818) [ 0., 1., 2., 3., 4., 5., 6., 7., 8., 9.,10.,11.,12.,13.,14.,15.,16.,17.,
				 18.,19.,20.,21.,22.,23.,24.,25.,26.,27.,28.,29.,30.,31.,32.,33.,34.,35.,
				 36.,38.,39.,40.,41.,42.,43.,46.,47.,48.,49.,50.,55.,57.,60.,62.,66.,70.,
				 73.,74.] [0.0058139535,0.0058139535,0.0058139535,0.0058139535,0.0058139535,
				 0.0058139535,0.0058139535,0.0058139535,0.0058139535,0.0058139535,
				 0.0058139535,0.0058139535,0.0058139535,0.0058139535,0.0058139535,
				 0.023255814 ,0.023255814 ,0.0348837209,0.023255814 ,0.0290697674,
				 0.0290697674,0.0290697674,0.0639534884,0.0348837209,0.0348837209,
				 0.0290697674,0.0174418605,0.023255814 ,0.0406976744,0.0406976744,
				 0.0465116279,0.0465116279,0.023255814 ,0.0174418605,0.023255814 ,
				 0.023255814 ,0.0087209302,0.023255814 ,0.0058139535,0.011627907 ,
				 0.011627907 ,0.011627907 ,0.007751938 ,0.011627907 ,0.011627907 ,
				 0.0174418605,0.0058139535,0.0081395349,0.0145348837,0.007751938 ,
				 0.0087209302,0.0058139535,0.0101744186,0.007751938 ,0.0174418605]
				}
			}
		HistNode_17 Hist(part|pw=0.0,pd=0.05) [ 0., 1., 2., 3., 4., 5., 6., 7., 8., 9.,10.,11.,12.,16.,20.,24.,41.,46.,
		 56.,71.,72.] [0.468013468 ,0.2693602694,0.0875420875,0.0404040404,0.037037037 ,
		 0.0134680135,0.0168350168,0.0134680135,0.0101010101,0.0033670034,
		 0.0033670034,0.0067340067,0.0033670034,0.0033670034,0.0033670034,
		 0.0033670034,0.0033670034,0.0033670034,0.0035914703,0.0033670034]
		HistNode_18 Hist(clause|pw=0.0,pd=0.14285714285714285) [ 0., 1., 2., 3., 6.,46.,71.,72.] [0.9683098592,0.0105633803,0.0035211268,0.0046948357,0.0035211268,
		 0.0035211268,0.0035211268]
		SumNode_19 SumNode(0.9963898916967509*ProductNode_20, 0.0036101083032490976*ProductNode_23){
			ProductNode_20 ProductNode(HistNode_21, HistNode_22){
				HistNode_21 Hist(circuit|pw=0.0,pd=0.024390243902439025) [ 0., 1., 2., 3., 4., 5., 6., 7., 8., 9.,10.,11.,12.,13.,14.,15.,16.,17.,
				 18.,19.,20.,21.,22.,25.,26.,27.,29.,30.,33.,36.,37.,38.,40.,41.,49.,50.,
				 54.,62.,67.,69.,71.,72.] [0.8107255521,0.0567823344,0.0063091483,0.0063091483,0.0031545741,
				 0.0031545741,0.0031545741,0.0031545741,0.0031545741,0.0031545741,
				 0.0031545741,0.0063091483,0.0031545741,0.0031545741,0.0031545741,
				 0.0031545741,0.0031545741,0.0031545741,0.0031545741,0.0031545741,
				 0.0031545741,0.0031545741,0.0031545741,0.0031545741,0.0031545741,
				 0.0031545741,0.0031545741,0.0031545741,0.0031545741,0.0031545741,
				 0.0031545741,0.0031545741,0.0031545741,0.0031545741,0.0031545741,
				 0.0031545741,0.0031545741,0.0031545741,0.0031545741,0.0031545741,
				 0.0031545741]
				HistNode_22 Hist(analog|pw=0.0,pd=0.03333333333333333) [ 0., 1., 2., 3., 4., 5., 6., 7., 8., 9.,10.,11.,12.,13.,14.,15.,16.,17.,
				 18.,19.,20.,22.,23.,24.,29.,30.,36.,46.,48.,72.,73.] [0.8562091503,0.0326797386,0.0130718954,0.0065359477,0.0032679739,
				 0.0098039216,0.0032679739,0.0032679739,0.0032679739,0.0032679739,
				 0.0032679739,0.0032679739,0.0032679739,0.0032679739,0.0032679739,
				 0.0032679739,0.0032679739,0.0032679739,0.0032679739,0.0032679739,
				 0.0032679739,0.0032679739,0.0032679739,0.0032679739,0.0032679739,
				 0.0032679739,0.0032679739,0.0032679739,0.0032679739,0.0032679739]
				}
			ProductNode_23 ProductNode(HistNode_24, HistNode_25){
				HistNode_24 Hist(circuit|pw=0.0,pd=0.024390243902439025) [ 0., 1., 2., 3., 4., 5., 6., 7., 8., 9.,10.,11.,12.,13.,14.,15.,16.,17.,
				 18.,19.,20.,21.,22.,25.,26.,27.,29.,30.,33.,36.,37.,38.,40.,41.,49.,50.,
				 54.,62.,67.,69.,71.,72.] [0.0238095238,0.0238095238,0.0238095238,0.0238095238,0.0238095238,
				 0.0238095238,0.0238095238,0.0238095238,0.0238095238,0.0238095238,
				 0.0238095238,0.0238095238,0.0238095238,0.0238095238,0.0238095238,
				 0.0238095238,0.0238095238,0.0238095238,0.0238095238,0.0238095238,
				 0.0238095238,0.0238095238,0.0238095238,0.0238095238,0.0476190476,
				 0.0238095238,0.0238095238,0.0238095238,0.0238095238,0.0238095238,
				 0.0238095238,0.0238095238,0.0238095238,0.0238095238,0.0238095238,
				 0.0238095238,0.0238095238,0.0238095238,0.0238095238,0.0238095238,
				 0.0238095238]
				HistNode_25 Hist(analog|pw=0.0,pd=0.03333333333333333) [ 0., 1., 2., 3., 4., 5., 6., 7., 8., 9.,10.,11.,12.,13.,14.,15.,16.,17.,
				 18.,19.,20.,22.,23.,24.,29.,30.,36.,46.,48.,72.,73.] [0.0322580645,0.0322580645,0.0322580645,0.064516129 ,0.0322580645,
				 0.0322580645,0.0322580645,0.0322580645,0.0322580645,0.0322580645,
				 0.0322580645,0.0322580645,0.0322580645,0.0322580645,0.0322580645,
				 0.0322580645,0.0322580645,0.0322580645,0.0322580645,0.0322580645,
				 0.0322580645,0.0322580645,0.0322580645,0.0322580645,0.0322580645,
				 0.0322580645,0.0322580645,0.0322580645,0.0322580645,0.0322580645]
				}
			}
		HistNode_26 Hist(fuzzy|pw=0.0,pd=0.1111111111111111) [ 0., 1., 2., 3., 4., 8.,13.,36.,71.,72.] [0.9300699301,0.0174825175,0.013986014 ,0.0034965035,0.0043706294,
		 0.0041958042,0.0036485254,0.0035964036,0.006993007 ]
		SumNode_27 SumNode(0.9855595667870036*ProductNode_28, 0.01444043321299639*ProductNode_31){
			ProductNode_28 ProductNode(HistNode_29, HistNode_30){
				HistNode_29 Hist(tangent|pw=0.0,pd=0.058823529411764705) [ 0., 1., 2., 3., 4., 5., 6.,15.,18.,20.,34.,36.,38.,47.,66.,70.,72.,73.] [0.8862068966,0.0310344828,0.0172413793,0.0034482759,0.0172413793,
				 0.0034482759,0.0038314176,0.0034482759,0.0034482759,0.0034482759,
				 0.0034482759,0.0034482759,0.0034482759,0.0034482759,0.0034482759,
				 0.0034482759,0.0034482759]
				HistNode_30 Hist(rotation|pw=0.0,pd=0.05263157894736842) [ 0., 1., 2., 3., 4., 5., 6., 7., 8.,11.,12.,13.,16.,17.,25.,31.,33.,69.,
				 76.,77.] [0.8835616438,0.0445205479,0.0102739726,0.0034246575,0.0068493151,
				 0.0068493151,0.0034246575,0.0034246575,0.0034246575,0.0034246575,
				 0.0034246575,0.0034246575,0.0034246575,0.0034246575,0.0034246575,
				 0.0034246575,0.0034246575,0.0034246575,0.0034246575]
				}
			ProductNode_31 ProductNode(HistNode_32, HistNode_33){
				HistNode_32 Hist(tangent|pw=0.0,pd=0.058823529411764705) [ 0., 1., 2., 3., 4., 5., 6.,15.,18.,20.,34.,36.,38.,47.,66.,70.,72.,73.] [0.0476190476,0.0476190476,0.0476190476,0.0476190476,0.0476190476,
				 0.0476190476,0.0476190476,0.0476190476,0.0476190476,0.0476190476,
				 0.0714285714,0.0476190476,0.0529100529,0.0476190476,0.0595238095,
				 0.0714285714,0.0476190476]
				HistNode_33 Hist(rotation|pw=0.0,pd=0.05263157894736842) [ 0., 1., 2., 3., 4., 5., 6., 7., 8.,11.,12.,13.,16.,17.,25.,31.,33.,69.,
				 76.,77.] [0.0434782609,0.0434782609,0.0434782609,0.0869565217,0.0434782609,
				 0.0869565217,0.0434782609,0.0434782609,0.0434782609,0.0434782609,
				 0.1304347826,0.0434782609,0.0434782609,0.0434782609,0.0434782609,
				 0.0434782609,0.0434782609,0.0434782609,0.0434782609]
				}
			}
		HistNode_34 Hist(letter|pw=0.0,pd=0.05263157894736842) [ 0., 1., 2., 3., 4., 5., 6., 7., 8.,11.,12.,15.,17.,19.,20.,22.,41.,59.,
		 72.,73.] [0.7871621622,0.1114864865,0.0236486486,0.0033783784,0.0067567568,
		 0.0033783784,0.0101351351,0.0033783784,0.0033783784,0.0033783784,
		 0.0045045045,0.0050675676,0.0033783784,0.0067567568,0.0050675676,
		 0.0033783784,0.0033783784,0.0033783784,0.0033783784]
		HistNode_35 Hist(light|pw=0.0,pd=0.047619047619047616) [ 0., 1., 2., 3., 4., 5., 6., 7., 8., 9.,10.,12.,13.,14.,15.,18.,26.,27.,
		 45.,48.,72.,73.] [0.8422818792,0.0637583893,0.0167785235,0.0100671141,0.0033557047,
		 0.0067114094,0.0033557047,0.0033557047,0.0067114094,0.0033557047,
		 0.0033557047,0.0033557047,0.0067114094,0.0033557047,0.0033557047,
		 0.0033557047,0.0033557047,0.0033557047,0.0033557047,0.0033557047,
		 0.0033557047]
		HistNode_36 Hist(concept|pw=0.0,pd=0.045454545454545456) [ 0., 1., 2., 3., 4., 5., 6., 7., 8.,10.,11.,13.,16.,18.,20.,21.,22.,29.,
		 36.,44.,61.,72.,73.] [0.779264214 ,0.1036789298,0.0200668896,0.0100334448,0.016722408 ,
		 0.0033444816,0.0100334448,0.0033444816,0.0033444816,0.0033444816,
		 0.0033444816,0.0033444816,0.0033444816,0.0050167224,0.0033444816,
		 0.0033444816,0.0033444816,0.0038222647,0.0033444816,0.0033444816,
		 0.0033444816,0.0033444816]
		HistNode_37 Hist(pyramid|pw=0.0,pd=0.09090909090909091) [ 0., 1., 2., 3., 4., 5., 6.,10.,16.,25.,72.,73.] [0.9583333333,0.0069444444,0.0069444444,0.0034722222,0.0034722222,
		 0.0034722222,0.0034722222,0.0034722222,0.0034722222,0.0034722222,
		 0.0034722222]
		HistNode_38 Hist(wavelet|pw=0.0,pd=0.08333333333333333) [ 0., 1., 2., 3., 4., 9.,11.,32.,36.,45.,58.,72.,73.] [0.9515570934,0.0034602076,0.0069204152,0.0034602076,0.0041522491,
		 0.0034602076,0.0036249794,0.0034602076,0.0034602076,0.0034602076,
		 0.0034602076,0.0034602076]
		HistNode_39 Hist(net|pw=0.0,pd=0.022222222222222223) [ 0., 1., 2., 3., 4., 5., 6., 7., 8., 9.,10.,11.,12.,13.,14.,15.,16.,17.,
		 18.,19.,20.,21.,22.,23.,24.,25.,26.,27.,28.,29.,32.,33.,34.,35.,36.,38.,
		 41.,42.,43.,49.,51.,66.,70.,71.,72.,73.] [0.3881987578,0.1863354037,0.0621118012,0.0465838509,0.0372670807,
		 0.0186335404,0.0217391304,0.0124223602,0.0155279503,0.0124223602,
		 0.0124223602,0.0062111801,0.0124223602,0.0031055901,0.0062111801,
		 0.0062111801,0.0062111801,0.0062111801,0.0062111801,0.0031055901,
		 0.0124223602,0.0031055901,0.0062111801,0.0093167702,0.0093167702,
		 0.0031055901,0.0093167702,0.0031055901,0.0062111801,0.0041407867,
		 0.0031055901,0.0031055901,0.0031055901,0.0031055901,0.0031055901,
		 0.0031055901,0.0062111801,0.0031055901,0.0031055901,0.0046583851,
		 0.0031055901,0.0038819876,0.0062111801,0.0031055901,0.0062111801]
		HistNode_40 Hist(set|pw=0.0,pd=0.020833333333333332) [ 0., 1., 2., 3., 4., 5., 6., 7., 8., 9.,10.,11.,12.,13.,14.,15.,16.,17.,
		 18.,19.,20.,21.,22.,23.,24.,25.,26.,27.,28.,29.,30.,31.,32.,33.,34.,35.,
		 36.,37.,38.,39.,40.,43.,46.,49.,51.,53.,62.,73.,74.] [0.0061538462,0.0123076923,0.0184615385,0.0153846154,0.0369230769,
		 0.0246153846,0.0430769231,0.0523076923,0.0307692308,0.04        ,
		 0.0430769231,0.0461538462,0.0276923077,0.0461538462,0.0461538462,
		 0.0307692308,0.0369230769,0.0276923077,0.0338461538,0.0246153846,
		 0.0153846154,0.0461538462,0.0307692308,0.0184615385,0.0184615385,
		 0.0061538462,0.0153846154,0.0153846154,0.0123076923,0.0184615385,
		 0.0153846154,0.0061538462,0.0061538462,0.0153846154,0.0030769231,
		 0.0123076923,0.0123076923,0.0123076923,0.0061538462,0.0092307692,
		 0.0061538462,0.0041025641,0.0061538462,0.0046153846,0.0046153846,
		 0.0034188034,0.0033566434,0.0061538462]
		HistNode_41 Hist(potential|pw=0.0,pd=0.04) [ 0., 1., 2., 3., 4., 5., 6., 7., 8., 9.,10.,11.,13.,14.,15.,16.,17.,18.,
		 19.,21.,23.,24.,43.,53.,74.,75.] [0.6523178808,0.1721854305,0.0463576159,0.0298013245,0.0066225166,
		 0.0099337748,0.0099337748,0.0066225166,0.0066225166,0.0033112583,
		 0.0066225166,0.0033112583,0.0033112583,0.0033112583,0.0066225166,
		 0.0033112583,0.0033112583,0.0033112583,0.0033112583,0.0033112583,
		 0.0033112583,0.0033112583,0.0033112583,0.0033112583,0.0033112583]
		HistNode_42 Hist(star|pw=0.0,pd=0.1111111111111111) [ 0., 1., 2., 3., 4., 5., 6., 7.,74.,75.] [0.9195804196,0.0454545455,0.006993007 ,0.0034965035,0.006993007 ,
		 0.0034965035,0.006993007 ,0.0034965035,0.0034965035]
		HistNode_43 Hist(chess|pw=0.0,pd=0.2) [ 0., 1., 2., 4.,74.,75.] [0.975177305 ,0.0106382979,0.0035460993,0.0035967579,0.0035460993]
		HistNode_44 Hist(estimator|pw=0.0,pd=0.05) [ 0., 1., 2., 3., 4., 5., 6., 7., 8., 9.,10.,11.,12.,13.,15.,16.,20.,21.,
		 29.,74.,75.] [0.7811447811,0.0774410774,0.0202020202,0.0202020202,0.0168350168,
		 0.0101010101,0.0067340067,0.0101010101,0.0067340067,0.0033670034,
		 0.0033670034,0.0067340067,0.0033670034,0.0033670034,0.0033670034,
		 0.0033670034,0.0067340067,0.0037878788,0.0033670034,0.0067340067]
		HistNode_45 Hist(oscillator|pw=0.0,pd=0.05263157894736842) [ 0., 1., 2., 3., 4., 5., 6., 8.,10.,11.,14.,20.,21.,23.,25.,35.,53.,56.,
		 75.,76.] [0.9358108108,0.0033783784,0.0033783784,0.0067567568,0.0033783784,
		 0.0033783784,0.0033783784,0.0033783784,0.0033783784,0.0033783784,
		 0.0033783784,0.0033783784,0.0033783784,0.0033783784,0.0033783784,
		 0.0033783784,0.0033783784,0.0033783784,0.0033783784]
		SumNode_46 SumNode(0.9927797833935018*ProductNode_47, 0.007220216606498195*ProductNode_50){
			ProductNode_47 ProductNode(HistNode_48, HistNode_49){
				HistNode_48 Hist(instruction|pw=0.0,pd=0.07692307692307693) [ 0., 1., 2., 3., 6., 7., 9.,15.,16.,18.,20.,71.,76.,77.] [0.9444444444,0.0138888889,0.0034722222,0.0046296296,0.0034722222,
				 0.0034722222,0.0034722222,0.0034722222,0.0034722222,0.0034722222,
				 0.0034722222,0.0034722222,0.0034722222]
				HistNode_49 Hist(chip|pw=0.0,pd=0.02702702702702703) [ 0., 1., 2., 3., 4., 5., 6., 7., 8., 9.,10.,11.,14.,15.,16.,17.,18.,19.,
				 20.,21.,22.,23.,24.,25.,26.,27.,28.,29.,30.,33.,35.,37.,39.,40.,41.,42.,
				 76.,77.] [0.8653846154,0.016025641 ,0.0032051282,0.0032051282,0.0032051282,
				 0.0032051282,0.0032051282,0.0032051282,0.0032051282,0.0032051282,
				 0.0032051282,0.0032051282,0.0032051282,0.0032051282,0.0064102564,
				 0.0064102564,0.0032051282,0.0032051282,0.0032051282,0.0032051282,
				 0.0032051282,0.0032051282,0.0032051282,0.0032051282,0.0032051282,
				 0.0032051282,0.0032051282,0.0032051282,0.0032051282,0.0032051282,
				 0.0032051282,0.0032051282,0.0032051282,0.0032051282,0.0032051282,
				 0.0032051282,0.0032051282]
				}
			ProductNode_50 ProductNode(HistNode_51, HistNode_52){
				HistNode_51 Hist(instruction|pw=0.0,pd=0.07692307692307693) [ 0., 1., 2., 3., 6., 7., 9.,15.,16.,18.,20.,71.,76.,77.] [0.0666666667,0.0666666667,0.0666666667,0.0666666667,0.0666666667,
				 0.0666666667,0.0666666667,0.0666666667,0.0666666667,0.1         ,
				 0.0679738562,0.0666666667,0.0666666667]
				HistNode_52 Hist(chip|pw=0.0,pd=0.02702702702702703) [ 0., 1., 2., 3., 4., 5., 6., 7., 8., 9.,10.,11.,14.,15.,16.,17.,18.,19.,
				 20.,21.,22.,23.,24.,25.,26.,27.,28.,29.,30.,33.,35.,37.,39.,40.,41.,42.,
				 76.,77.] [0.0512820513,0.0256410256,0.0256410256,0.0256410256,0.0256410256,
				 0.0256410256,0.0256410256,0.0256410256,0.0256410256,0.0256410256,
				 0.0256410256,0.0341880342,0.0256410256,0.0256410256,0.0256410256,
				 0.0256410256,0.0256410256,0.0256410256,0.0256410256,0.0256410256,
				 0.0256410256,0.0256410256,0.0256410256,0.0256410256,0.0256410256,
				 0.0256410256,0.0256410256,0.0256410256,0.0256410256,0.0256410256,
				 0.0256410256,0.0256410256,0.0256410256,0.0256410256,0.0256410256,
				 0.0256410256,0.0256410256]
				}
			}
		HistNode_53 Hist(option|pw=0.0,pd=0.14285714285714285) [ 0., 1., 2., 3., 4.,32.,76.,77.] [0.9225352113,0.0492957746,0.0105633803,0.0035211268,0.0035211268,
		 0.0036011524,0.0035211268]
		HistNode_54 Hist(pattern|pw=0.0,pd=0.020833333333333332) [ 0., 1., 2., 3., 4., 5., 6., 7., 8., 9.,10.,11.,12.,13.,14.,15.,16.,17.,
		 18.,19.,20.,21.,22.,23.,24.,25.,26.,27.,28.,29.,30.,31.,32.,33.,34.,35.,
		 36.,38.,39.,44.,48.,49.,51.,53.,57.,66.,68.,76.,77.] [0.3138461538,0.1384615385,0.0769230769,0.0430769231,0.0461538462,
		 0.04        ,0.0276923077,0.0153846154,0.0153846154,0.0184615385,
		 0.0215384615,0.0184615385,0.0215384615,0.0092307692,0.0030769231,
		 0.0092307692,0.0092307692,0.0123076923,0.0061538462,0.0092307692,
		 0.0092307692,0.0061538462,0.0061538462,0.0061538462,0.0030769231,
		 0.0123076923,0.0092307692,0.0061538462,0.0061538462,0.0030769231,
		 0.0061538462,0.0030769231,0.0061538462,0.0061538462,0.0030769231,
		 0.0030769231,0.0030769231,0.0030769231,0.0030769231,0.0038461538,
		 0.0030769231,0.0030769231,0.0046153846,0.0030769231,0.0034188034,
		 0.0030769231,0.0030769231,0.0061538462]
		HistNode_55 Hist(belief|pw=0.0,pd=0.047619047619047616) [ 0., 1., 2., 3., 4., 5., 6., 7., 8., 9.,10.,12.,13.,14.,15.,16.,17.,18.,
		 37.,61.,77.,78.] [0.8926174497,0.0268456376,0.0134228188,0.0033557047,0.0033557047,
		 0.0067114094,0.0033557047,0.0033557047,0.0033557047,0.0033557047,
		 0.0033557047,0.0033557047,0.0033557047,0.0033557047,0.0033557047,
		 0.0033557047,0.0033557047,0.0035323207,0.0033557047,0.0033557047,
		 0.0033557047]
		HistNode_56 Hist(map|pw=0.0,pd=0.025) [ 0., 1., 2., 3., 4., 5., 6., 7., 8., 9.,10.,11.,12.,13.,14.,15.,16.,17.,
		 18.,19.,20.,21.,23.,26.,27.,28.,29.,31.,36.,37.,38.,39.,41.,43.,49.,50.,
		 56.,61.,68.,77.,78.] [0.5899053628,0.1324921136,0.0536277603,0.0126182965,0.0189274448,
		 0.0157728707,0.0094637224,0.0126182965,0.0189274448,0.0063091483,
		 0.0031545741,0.0094637224,0.0031545741,0.0094637224,0.0063091483,
		 0.0126182965,0.0031545741,0.0063091483,0.0031545741,0.0031545741,
		 0.0031545741,0.0031545741,0.0042060988,0.0031545741,0.0031545741,
		 0.0031545741,0.0047318612,0.0031545741,0.0031545741,0.0031545741,
		 0.0031545741,0.0031545741,0.0031545741,0.0031545741,0.0031545741,
		 0.0031545741,0.0031545741,0.0031545741,0.0031545741,0.0031545741]
		HistNode_57 Hist(tree|pw=0.0,pd=0.03125) [ 0., 1., 2., 3., 4., 5., 6., 7., 8., 9.,10.,11.,12.,13.,14.,15.,16.,17.,
		 18.,20.,24.,25.,26.,27.,30.,31.,32.,34.,39.,45.,47.,77.,78.] [0.7734627832,0.0517799353,0.0194174757,0.0097087379,0.003236246 ,
		 0.0129449838,0.0064724919,0.0161812298,0.003236246 ,0.003236246 ,
		 0.003236246 ,0.003236246 ,0.0097087379,0.003236246 ,0.0064724919,
		 0.003236246 ,0.003236246 ,0.003236246 ,0.0048543689,0.003236246 ,
		 0.003236246 ,0.0064724919,0.0064724919,0.0043149946,0.003236246 ,
		 0.0064724919,0.0048543689,0.003236246 ,0.003236246 ,0.003236246 ,
		 0.003236246 ,0.003236246 ]
		HistNode_58 Hist(delay|pw=0.0,pd=0.034482758620689655) [ 0., 1., 2., 3., 4., 5., 6., 7., 8., 9.,10.,12.,13.,14.,15.,17.,18.,19.,
		 21.,22.,23.,24.,27.,30.,32.,36.,39.,58.,78.,79.] [0.7973856209,0.0555555556,0.0130718954,0.0098039216,0.0130718954,
		 0.0098039216,0.0098039216,0.0065359477,0.0065359477,0.0032679739,
		 0.0049019608,0.0032679739,0.0065359477,0.0032679739,0.0032679739,
		 0.0032679739,0.0032679739,0.0049019608,0.0032679739,0.0032679739,
		 0.0032679739,0.0032679739,0.0032679739,0.0032679739,0.0032679739,
		 0.0043572985,0.0032679739,0.0032679739,0.0032679739]
		HistNode_59 Hist(spike|pw=0.0,pd=0.02631578947368421) [ 0., 1., 2., 3., 4., 5., 6., 7., 8., 9.,10.,11.,12.,13.,14.,16.,17.,19.,
		 20.,21.,22.,24.,25.,29.,30.,31.,33.,34.,35.,37.,40.,41.,42.,44.,48.,51.,
		 57.,78.,79.] [0.8634920635,0.0095238095,0.0063492063,0.0031746032,0.0031746032,
		 0.0031746032,0.0031746032,0.0031746032,0.0031746032,0.0031746032,
		 0.0031746032,0.0031746032,0.0031746032,0.0031746032,0.0047619048,
		 0.0031746032,0.0031746032,0.0031746032,0.0031746032,0.0031746032,
		 0.0031746032,0.0031746032,0.0031746032,0.0031746032,0.0031746032,
		 0.0031746032,0.0063492063,0.0031746032,0.0031746032,0.0031746032,
		 0.0031746032,0.0031746032,0.0031746032,0.0031746032,0.0031746032,
		 0.0031746032,0.0033257748,0.0031746032]
		HistNode_60 Hist(eeg|pw=0.0,pd=0.07692307692307693) [ 0., 1., 2., 3., 4., 8., 9.,11.,14.,26.,48.,49.,79.,80.] [0.9310344828,0.0103448276,0.0034482759,0.0034482759,0.0051724138,
		 0.0068965517,0.0034482759,0.0034482759,0.0034482759,0.0037617555,
		 0.0034482759,0.0035632184,0.0034482759]
		SumNode_61 SumNode(0.9675090252707581*ProductNode_63, 0.0036101083032490976*ProductNode_66, 0.02888086642599278*ProductNode_69){
			ProductNode_63 ProductNode(HistNode_64, HistNode_65){
				HistNode_64 Hist(rule|pw=0.0,pd=0.030303030303030304) [ 0., 1., 2., 3., 4., 5., 6., 7., 8., 9.,10.,11.,12.,13.,14.,15.,16.,17.,
				 18.,21.,22.,23.,24.,27.,28.,31.,33.,36.,44.,47.,48.,55.,79.,80.] [0.5215946844,0.1627906977,0.096345515 ,0.0631229236,0.0132890365,
				 0.0166112957,0.0099667774,0.0132890365,0.0099667774,0.0099667774,
				 0.0066445183,0.0033222591,0.0033222591,0.0033222591,0.0066445183,
				 0.0033222591,0.0033222591,0.0033222591,0.0033222591,0.0033222591,
				 0.0033222591,0.0033222591,0.0033222591,0.0033222591,0.0033222591,
				 0.0033222591,0.0033222591,0.0033222591,0.0033222591,0.0033222591,
				 0.0033222591,0.0033222591,0.0033222591]
				HistNode_65 Hist(rules|pw=0.0,pd=0.030303030303030304) [ 0., 1., 2., 3., 4., 5., 6., 7., 8., 9.,10.,11.,12.,13.,14.,15.,16.,17.,
				 18.,20.,21.,22.,25.,26.,27.,31.,33.,37.,43.,57.,58.,73.,79.,80.] [0.6843853821,0.1295681063,0.023255814 ,0.0365448505,0.0099667774,
				 0.0099667774,0.0132890365,0.0066445183,0.0066445183,0.0033222591,
				 0.0033222591,0.0033222591,0.0033222591,0.0033222591,0.0033222591,
				 0.0033222591,0.0033222591,0.0033222591,0.0033222591,0.0033222591,
				 0.0033222591,0.0033222591,0.0033222591,0.0033222591,0.0033222591,
				 0.0033222591,0.0033222591,0.0033222591,0.0033222591,0.0033222591,
				 0.0033222591,0.0033222591,0.0033222591]
				}
			ProductNode_66 ProductNode(HistNode_67, HistNode_68){
				HistNode_67 Hist(rule|pw=0.0,pd=0.030303030303030304) [ 0., 1., 2., 3., 4., 5., 6., 7., 8., 9.,10.,11.,12.,13.,14.,15.,16.,17.,
				 18.,21.,22.,23.,24.,27.,28.,31.,33.,36.,44.,47.,48.,55.,79.,80.] [0.0294117647,0.0294117647,0.0294117647,0.0588235294,0.0294117647,
				 0.0294117647,0.0294117647,0.0294117647,0.0294117647,0.0294117647,
				 0.0294117647,0.0294117647,0.0294117647,0.0294117647,0.0294117647,
				 0.0294117647,0.0294117647,0.0294117647,0.0294117647,0.0294117647,
				 0.0294117647,0.0294117647,0.0294117647,0.0294117647,0.0294117647,
				 0.0294117647,0.0294117647,0.0294117647,0.0294117647,0.0294117647,
				 0.0294117647,0.0294117647,0.0294117647]
				HistNode_68 Hist(rules|pw=0.0,pd=0.030303030303030304) [ 0., 1., 2., 3., 4., 5., 6., 7., 8., 9.,10.,11.,12.,13.,14.,15.,16.,17.,
				 18.,20.,21.,22.,25.,26.,27.,31.,33.,37.,43.,57.,58.,73.,79.,80.] [0.0294117647,0.0294117647,0.0294117647,0.0294117647,0.0294117647,
				 0.0294117647,0.0294117647,0.0294117647,0.0294117647,0.0294117647,
				 0.0294117647,0.0294117647,0.0294117647,0.0294117647,0.0294117647,
				 0.0294117647,0.0294117647,0.0294117647,0.0294117647,0.0294117647,
				 0.0294117647,0.0294117647,0.0294117647,0.0294117647,0.0294117647,
				 0.0294117647,0.0367647059,0.0294117647,0.0294117647,0.0294117647,
				 0.0294117647,0.0294117647,0.0294117647]
				}
			ProductNode_69 ProductNode(HistNode_70, HistNode_71){
				HistNode_70 Hist(rule|pw=0.0,pd=0.030303030303030304) [ 0., 1., 2., 3., 4., 5., 6., 7., 8., 9.,10.,11.,12.,13.,14.,15.,16.,17.,
				 18.,21.,22.,23.,24.,27.,28.,31.,33.,36.,44.,47.,48.,55.,79.,80.] [0.0243902439,0.0243902439,0.0243902439,0.0243902439,0.0243902439,
				 0.0243902439,0.0243902439,0.0243902439,0.0243902439,0.0487804878,
				 0.0243902439,0.0243902439,0.0243902439,0.0243902439,0.0243902439,
				 0.0243902439,0.0243902439,0.0243902439,0.0243902439,0.0243902439,
				 0.0487804878,0.0487804878,0.0243902439,0.0243902439,0.0325203252,
				 0.0243902439,0.0243902439,0.0243902439,0.0325203252,0.0243902439,
				 0.0278745645,0.0254065041,0.0487804878]
				HistNode_71 Hist(rules|pw=0.0,pd=0.030303030303030304) [ 0., 1., 2., 3., 4., 5., 6., 7., 8., 9.,10.,11.,12.,13.,14.,15.,16.,17.,
				 18.,20.,21.,22.,25.,26.,27.,31.,33.,37.,43.,57.,58.,73.,79.,80.] [0.0243902439,0.0243902439,0.0243902439,0.0243902439,0.0243902439,
				 0.0243902439,0.0243902439,0.0243902439,0.0243902439,0.0243902439,
				 0.0243902439,0.0243902439,0.0243902439,0.0243902439,0.0243902439,
				 0.0243902439,0.0243902439,0.0487804878,0.0243902439,0.0243902439,
				 0.0243902439,0.0325203252,0.0487804878,0.0487804878,0.0243902439,
				 0.0243902439,0.0243902439,0.0325203252,0.0243902439,0.0243902439,
				 0.0260162602,0.0284552846,0.0243902439]
				}
			}
		HistNode_72 Hist(expert|pw=0.0,pd=0.029411764705882353) [ 0., 1., 2., 3., 4., 5., 6., 7., 8., 9.,10.,12.,13.,14.,15.,16.,19.,20.,
		 22.,24.,25.,26.,27.,29.,32.,34.,35.,36.,38.,39.,45.,60.,67.,79.,80.] [0.7427652733,0.038585209 ,0.038585209 ,0.0225080386,0.0128617363,
		 0.0032154341,0.0064308682,0.0064308682,0.0032154341,0.0064308682,
		 0.0064308682,0.0032154341,0.0064308682,0.0064308682,0.0064308682,
		 0.0032154341,0.0032154341,0.0048231511,0.0032154341,0.0064308682,
		 0.0032154341,0.0096463023,0.0032154341,0.0032154341,0.0032154341,
		 0.0064308682,0.0032154341,0.0032154341,0.0064308682,0.0032154341,
		 0.0034297964,0.0032154341,0.0032154341,0.0064308682]
		HistNode_73 Hist(block|pw=0.0,pd=0.034482758620689655) [ 0., 1., 2., 3., 4., 5., 6., 7., 8., 9.,10.,11.,12.,13.,14.,15.,16.,17.,
		 18.,19.,20.,22.,26.,33.,35.,36.,39.,46.,80.,81.] [0.7908496732,0.0522875817,0.0326797386,0.0098039216,0.0065359477,
		 0.0098039216,0.0065359477,0.0032679739,0.0065359477,0.0098039216,
		 0.0032679739,0.0032679739,0.0032679739,0.0065359477,0.0032679739,
		 0.0032679739,0.0032679739,0.0032679739,0.0032679739,0.0032679739,
		 0.0049019608,0.0032679739,0.0032679739,0.0049019608,0.0032679739,
		 0.0032679739,0.0032679739,0.0032679739,0.0032679739]
		HistNode_74 Hist(user|pw=0.0,pd=0.05) [ 0., 1., 2., 3., 4., 5., 6., 8., 9.,10.,15.,18.,20.,23.,31.,34.,37.,42.,
		 46.,80.,81.] [0.8047138047,0.0740740741,0.0269360269,0.0134680135,0.0168350168,
		 0.0067340067,0.0050505051,0.0033670034,0.0033670034,0.0033670034,
		 0.0033670034,0.0033670034,0.0033670034,0.0037878788,0.0033670034,
		 0.0033670034,0.0033670034,0.0042087542,0.0033670034,0.0033670034]
		HistNode_75 Hist(loss|pw=0.0,pd=0.038461538461538464) [ 0., 1., 2., 3., 4., 5., 6., 8., 9.,10.,12.,14.,15.,17.,18.,20.,21.,22.,
		 26.,27.,29.,40.,42.,46.,79.,81.,82.] [0.7293729373,0.1155115512,0.0231023102,0.0165016502,0.0099009901,
		 0.0231023102,0.0066006601,0.0066006601,0.00330033  ,0.00330033  ,
		 0.00330033  ,0.00330033  ,0.00330033  ,0.00330033  ,0.00330033  ,
		 0.0066006601,0.00330033  ,0.00330033  ,0.00330033  ,0.00330033  ,
		 0.00360036  ,0.00330033  ,0.00330033  ,0.00330033  ,0.00330033  ,
		 0.00330033  ]
		}
	ProductNode_76 ProductNode(HistNode_77, HistNode_78, SumNode_79, HistNode_90, HistNode_91, SumNode_92, HistNode_106, HistNode_107, HistNode_108, HistNode_109, HistNode_110, HistNode_111, HistNode_112, HistNode_113, HistNode_114, SumNode_115, HistNode_126, HistNode_127, HistNode_128, HistNode_129, HistNode_130, HistNode_131, HistNode_132, HistNode_133, HistNode_134, HistNode_135, HistNode_136, HistNode_137, HistNode_138, HistNode_139, SumNode_140, HistNode_151, HistNode_152, HistNode_153, HistNode_154){
		HistNode_77 Hist(pca|pw=0.0,pd=0.038461538461538464) [ 0., 1., 2., 3., 4., 5., 6., 8., 9.,10.,11.,14.,15.,16.,17.,18.,19.,20.,
		 24.,26.,27.,31.,32.,38.,48.,71.,72.] [0.9399367756,0.009483667 ,0.0052687039,0.0031612223,0.0021074816,
		 0.0042149631,0.0015806112,0.0010537408,0.0031612223,0.0031612223,
		 0.0010537408,0.0021074816,0.0021074816,0.0021074816,0.0021074816,
		 0.0021074816,0.0021074816,0.0010537408,0.0010537408,0.0021074816,
		 0.0010537408,0.0021074816,0.0010537408,0.0011591149,0.0010537408,
		 0.0010537408]
		HistNode_78 Hist(building|pw=0.0,pd=0.1111111111111111) [ 0., 1., 2., 3., 4., 5.,12.,14.,71.,72.] [0.8744635193,0.0836909871,0.0214592275,0.0075107296,0.0042918455,
		 0.0012262416,0.0016094421,0.0010917853,0.0021459227]
		SumNode_79 SumNode(0.6923076923076923*ProductNode_80, 0.15926327193932827*ProductNode_84, 0.14842903575297944*ProductNode_87){
			ProductNode_80 ProductNode(HistNode_81, HistNode_82){
				HistNode_81 Hist(training|pw=0.0,pd=0.02040816326530612) [ 0., 1., 2., 3., 4., 5., 6., 7., 8., 9.,10.,11.,12.,13.,14.,15.,16.,17.,
				 18.,19.,20.,21.,22.,23.,24.,25.,26.,27.,28.,29.,30.,31.,32.,33.,35.,38.,
				 39.,40.,41.,42.,43.,44.,45.,48.,49.,54.,55.,57.,71.,72.] [0.601744186 ,0.1104651163,0.0625      ,0.0566860465,0.0203488372,
				 0.0377906977,0.0247093023,0.0145348837,0.0101744186,0.0014534884,
				 0.0043604651,0.0014534884,0.0014534884,0.0014534884,0.0014534884,
				 0.0014534884,0.0014534884,0.0014534884,0.0014534884,0.0014534884,
				 0.0014534884,0.0014534884,0.0014534884,0.0014534884,0.0014534884,
				 0.0014534884,0.0014534884,0.0014534884,0.0014534884,0.0014534884,
				 0.0014534884,0.0014534884,0.0014534884,0.0014534884,0.0014534884,
				 0.0014534884,0.0014534884,0.0014534884,0.0014534884,0.0014534884,
				 0.0014534884,0.0014534884,0.0014534884,0.0014534884,0.0014534884,
				 0.0014534884,0.0014534884,0.0014534884,0.0014534884]
				HistNode_82 Hist(set|pw=0.0,pd=0.020833333333333332) [ 0., 1., 2., 3., 4., 5., 6., 7., 8., 9.,10.,11.,12.,13.,14.,15.,16.,17.,
				 18.,19.,20.,21.,22.,23.,24.,25.,26.,27.,28.,29.,30.,31.,32.,33.,34.,35.,
				 36.,37.,38.,39.,40.,43.,46.,49.,51.,53.,62.,73.,74.] [0.1790393013,0.1848617176,0.1382823872,0.1135371179,0.0975254731,
				 0.0698689956,0.0524017467,0.0349344978,0.0276564774,0.018922853 ,
				 0.0145560408,0.0160116448,0.0014556041,0.0014556041,0.0014556041,
				 0.0014556041,0.0014556041,0.0014556041,0.0014556041,0.0014556041,
				 0.0014556041,0.0014556041,0.0014556041,0.0014556041,0.0014556041,
				 0.0014556041,0.0014556041,0.0014556041,0.0014556041,0.0014556041,
				 0.0014556041,0.0014556041,0.0014556041,0.0014556041,0.0014556041,
				 0.0014556041,0.0014556041,0.0014556041,0.0014556041,0.0014556041,
				 0.0014556041,0.0014556041,0.0014556041,0.0014556041,0.0014556041,
				 0.0014556041,0.0014556041,0.0014556041]
				}
			ProductNode_84 ProductNode(HistNode_85, HistNode_86){
				HistNode_85 Hist(training|pw=0.0,pd=0.02040816326530612) [ 0., 1., 2., 3., 4., 5., 6., 7., 8., 9.,10.,11.,12.,13.,14.,15.,16.,17.,
				 18.,19.,20.,21.,22.,23.,24.,25.,26.,27.,28.,29.,30.,31.,32.,33.,35.,38.,
				 39.,40.,41.,42.,43.,44.,45.,48.,49.,54.,55.,57.,71.,72.] [0.0051020408,0.0051020408,0.0051020408,0.0051020408,0.0051020408,
				 0.0051020408,0.0255102041,0.0510204082,0.0408163265,0.112244898 ,
				 0.0612244898,0.1224489796,0.056122449 ,0.0663265306,0.0459183673,
				 0.0663265306,0.0408163265,0.0204081633,0.0306122449,0.0255102041,
				 0.0204081633,0.0102040816,0.0102040816,0.0204081633,0.0153061224,
				 0.0051020408,0.0102040816,0.0051020408,0.0051020408,0.0051020408,
				 0.0051020408,0.0051020408,0.0051020408,0.0051020408,0.0051020408,
				 0.0051020408,0.0051020408,0.0051020408,0.0051020408,0.0051020408,
				 0.0051020408,0.0051020408,0.0051020408,0.0051020408,0.0051020408,
				 0.0051020408,0.0051020408,0.0051020408,0.0051020408]
				HistNode_86 Hist(set|pw=0.0,pd=0.020833333333333332) [ 0., 1., 2., 3., 4., 5., 6., 7., 8., 9.,10.,11.,12.,13.,14.,15.,16.,17.,
				 18.,19.,20.,21.,22.,23.,24.,25.,26.,27.,28.,29.,30.,31.,32.,33.,34.,35.,
				 36.,37.,38.,39.,40.,43.,46.,49.,51.,53.,62.,73.,74.] [0.0307692308,0.0564102564,0.0717948718,0.0564102564,0.0769230769,
				 0.0717948718,0.1128205128,0.0769230769,0.0769230769,0.0615384615,
				 0.0461538462,0.0461538462,0.0205128205,0.0153846154,0.0102564103,
				 0.0051282051,0.0051282051,0.0051282051,0.0051282051,0.0051282051,
				 0.0051282051,0.0051282051,0.0051282051,0.0051282051,0.0051282051,
				 0.0051282051,0.0051282051,0.0051282051,0.0051282051,0.0051282051,
				 0.0051282051,0.0051282051,0.0051282051,0.0051282051,0.0051282051,
				 0.0051282051,0.0051282051,0.0051282051,0.0051282051,0.0051282051,
				 0.0051282051,0.0051282051,0.0051282051,0.0051282051,0.0051282051,
				 0.0051282051,0.0051282051,0.0051282051]
				}
			ProductNode_87 ProductNode(HistNode_88, HistNode_89){
				HistNode_88 Hist(training|pw=0.0,pd=0.02040816326530612) [ 0., 1., 2., 3., 4., 5., 6., 7., 8., 9.,10.,11.,12.,13.,14.,15.,16.,17.,
				 18.,19.,20.,21.,22.,23.,24.,25.,26.,27.,28.,29.,30.,31.,32.,33.,35.,38.,
				 39.,40.,41.,42.,43.,44.,45.,48.,49.,54.,55.,57.,71.,72.] [0.1612903226,0.0591397849,0.064516129 ,0.064516129 ,0.0913978495,
				 0.0967741935,0.0376344086,0.0913978495,0.0591397849,0.0376344086,
				 0.0268817204,0.0053763441,0.0107526882,0.0053763441,0.0053763441,
				 0.0053763441,0.0053763441,0.0053763441,0.0053763441,0.0053763441,
				 0.0053763441,0.0053763441,0.0053763441,0.0053763441,0.0053763441,
				 0.0053763441,0.0053763441,0.0053763441,0.0053763441,0.0053763441,
				 0.0053763441,0.0053763441,0.0053763441,0.0053763441,0.0053763441,
				 0.0053763441,0.0053763441,0.0053763441,0.0053763441,0.0053763441,
				 0.0053763441,0.0053763441,0.0053763441,0.0053763441,0.0053763441,
				 0.0053763441,0.0053763441,0.0053763441,0.0053763441]
				HistNode_89 Hist(set|pw=0.0,pd=0.020833333333333332) [ 0., 1., 2., 3., 4., 5., 6., 7., 8., 9.,10.,11.,12.,13.,14.,15.,16.,17.,
				 18.,19.,20.,21.,22.,23.,24.,25.,26.,27.,28.,29.,30.,31.,32.,33.,34.,35.,
				 36.,37.,38.,39.,40.,43.,46.,49.,51.,53.,62.,73.,74.] [0.0054054054,0.0054054054,0.0054054054,0.0054054054,0.0054054054,
				 0.0054054054,0.0108108108,0.0324324324,0.0486486486,0.0378378378,
				 0.1189189189,0.0756756757,0.0972972973,0.0648648649,0.0540540541,
				 0.0702702703,0.0432432432,0.0432432432,0.027027027 ,0.027027027 ,
				 0.0162162162,0.0216216216,0.0108108108,0.0108108108,0.0108108108,
				 0.0108108108,0.0054054054,0.0162162162,0.0054054054,0.0054054054,
				 0.0054054054,0.0054054054,0.0054054054,0.0054054054,0.0054054054,
				 0.0108108108,0.0054054054,0.0054054054,0.0054054054,0.0054054054,
				 0.0054054054,0.0054054054,0.0054054054,0.0054054054,0.0054054054,
				 0.0054054054,0.0054054054,0.0054054054]
				}
			}
		HistNode_90 Hist(part|pw=0.0,pd=0.05) [ 0., 1., 2., 3., 4., 5., 6., 7., 8., 9.,10.,11.,12.,16.,20.,24.,41.,46.,
		 56.,71.,72.] [0.4390243902,0.2810180276,0.1283138918,0.0699893955,0.0275715801,
		 0.0148462354,0.0031813362,0.0084835631,0.0031813362,0.0042417815,
		 0.0053022269,0.0010604454,0.0015906681,0.0013255567,0.0013255567,
		 0.0011228245,0.0010604454,0.0010604454,0.0010604454,0.0010604454]
		HistNode_91 Hist(clause|pw=0.0,pd=0.14285714285714285) [ 0., 1., 2., 3., 6.,46.,71.,72.] [0.9892473118,0.0010752688,0.0021505376,0.0014336918,0.0011021505,
		 0.0010752688,0.0021505376]
		SumNode_92 SumNode(0.856988082340195*ProductNode_94, 0.06392199349945829*ProductNode_98, 0.0790899241603467*ProductNode_102){
			ProductNode_94 ProductNode(HistNode_95, HistNode_96, HistNode_97){
				HistNode_95 Hist(circuit|pw=0.0,pd=0.024390243902439025) [ 0., 1., 2., 3., 4., 5., 6., 7., 8., 9.,10.,11.,12.,13.,14.,15.,16.,17.,
				 18.,19.,20.,21.,22.,25.,26.,27.,29.,30.,33.,36.,37.,38.,40.,41.,49.,50.,
				 54.,62.,67.,69.,71.,72.] [0.8557692308,0.0612980769,0.0252403846,0.0072115385,0.0060096154,
				 0.0024038462,0.0012019231,0.0012019231,0.0012019231,0.0012019231,
				 0.0012019231,0.0012019231,0.0012019231,0.0012019231,0.0012019231,
				 0.0012019231,0.0012019231,0.0012019231,0.0012019231,0.0012019231,
				 0.0012019231,0.0012019231,0.0012019231,0.0012019231,0.0012019231,
				 0.0012019231,0.0012019231,0.0012019231,0.0012019231,0.0012019231,
				 0.0012019231,0.0012019231,0.0012019231,0.0012019231,0.0012019231,
				 0.0012019231,0.0012019231,0.0012019231,0.0012019231,0.0012019231,
				 0.0012019231]
				HistNode_96 Hist(analog|pw=0.0,pd=0.03333333333333333) [ 0., 1., 2., 3., 4., 5., 6., 7., 8., 9.,10.,11.,12.,13.,14.,15.,16.,17.,
				 18.,19.,20.,22.,23.,24.,29.,30.,36.,46.,48.,72.,73.] [0.8830694275,0.0584652862,0.0158343484,0.0073081608,0.0036540804,
				 0.0024360536,0.0012180268,0.0012180268,0.0012180268,0.0012180268,
				 0.0012180268,0.0012180268,0.0012180268,0.0012180268,0.0012180268,
				 0.0012180268,0.0012180268,0.0012180268,0.0012180268,0.0012180268,
				 0.0012180268,0.0012180268,0.0012180268,0.0012180268,0.0012180268,
				 0.0012180268,0.0012180268,0.0012180268,0.0012180268,0.0012180268]
				HistNode_97 Hist(chip|pw=0.0,pd=0.02702702702702703) [ 0., 1., 2., 3., 4., 5., 6., 7., 8., 9.,10.,11.,14.,15.,16.,17.,18.,19.,
				 20.,21.,22.,23.,24.,25.,26.,27.,28.,29.,30.,33.,35.,37.,39.,40.,41.,42.,
				 76.,77.] [0.9299516908,0.018115942 ,0.0072463768,0.0012077295,0.0012077295,
				 0.0036231884,0.0012077295,0.0012077295,0.0012077295,0.0024154589,
				 0.0012077295,0.0012077295,0.0012077295,0.0012077295,0.0012077295,
				 0.0012077295,0.0012077295,0.0012077295,0.0012077295,0.0012077295,
				 0.0012077295,0.0012077295,0.0012077295,0.0012077295,0.0012077295,
				 0.0012077295,0.0012077295,0.0012077295,0.0012077295,0.0012077295,
				 0.0012077295,0.0012077295,0.0012077295,0.0012077295,0.0012077295,
				 0.0012077295,0.0012077295]
				}
			ProductNode_98 ProductNode(HistNode_99, HistNode_100, HistNode_101){
				HistNode_99 Hist(circuit|pw=0.0,pd=0.024390243902439025) [ 0., 1., 2., 3., 4., 5., 6., 7., 8., 9.,10.,11.,12.,13.,14.,15.,16.,17.,
				 18.,19.,20.,21.,22.,25.,26.,27.,29.,30.,33.,36.,37.,38.,40.,41.,49.,50.,
				 54.,62.,67.,69.,71.,72.] [0.08,0.15,0.05,0.06,0.04,0.03,0.08,0.03,0.05,0.04,0.02,0.01,0.01,0.02,
				 0.03,0.03,0.02,0.02,0.01,0.01,0.01,0.01,0.01,0.01,0.01,0.01,0.01,0.01,
				 0.01,0.01,0.01,0.01,0.01,0.01,0.01,0.01,0.01,0.01,0.01,0.01,0.01]
				HistNode_100 Hist(analog|pw=0.0,pd=0.03333333333333333) [ 0., 1., 2., 3., 4., 5., 6., 7., 8., 9.,10.,11.,12.,13.,14.,15.,16.,17.,
				 18.,19.,20.,22.,23.,24.,29.,30.,36.,46.,48.,72.,73.] [0.202247191 ,0.0561797753,0.0337078652,0.0449438202,0.0449438202,
				 0.0674157303,0.0449438202,0.0786516854,0.0561797753,0.0449438202,
				 0.0224719101,0.0449438202,0.0337078652,0.0112359551,0.0224719101,
				 0.0112359551,0.0112359551,0.0112359551,0.0337078652,0.0112359551,
				 0.0112359551,0.0112359551,0.0112359551,0.0112359551,0.0112359551,
				 0.0112359551,0.0112359551,0.0112359551,0.0112359551,0.0112359551]
				HistNode_101 Hist(chip|pw=0.0,pd=0.02702702702702703) [ 0., 1., 2., 3., 4., 5., 6., 7., 8., 9.,10.,11.,14.,15.,16.,17.,18.,19.,
				 20.,21.,22.,23.,24.,25.,26.,27.,28.,29.,30.,33.,35.,37.,39.,40.,41.,42.,
				 76.,77.] [0.375       ,0.0625      ,0.0520833333,0.0520833333,0.03125     ,
				 0.0416666667,0.0208333333,0.0104166667,0.0208333333,0.0208333333,
				 0.0104166667,0.0138888889,0.0104166667,0.0104166667,0.0104166667,
				 0.0104166667,0.0104166667,0.0104166667,0.0104166667,0.0208333333,
				 0.0104166667,0.0104166667,0.0208333333,0.0104166667,0.0104166667,
				 0.0104166667,0.0104166667,0.0104166667,0.0104166667,0.0104166667,
				 0.0104166667,0.0104166667,0.0104166667,0.0104166667,0.0104166667,
				 0.0104166667,0.0104166667]
				}
			ProductNode_102 ProductNode(HistNode_103, HistNode_104, HistNode_105){
				HistNode_103 Hist(circuit|pw=0.0,pd=0.024390243902439025) [ 0., 1., 2., 3., 4., 5., 6., 7., 8., 9.,10.,11.,12.,13.,14.,15.,16.,17.,
				 18.,19.,20.,21.,22.,25.,26.,27.,29.,30.,33.,36.,37.,38.,40.,41.,49.,50.,
				 54.,62.,67.,69.,71.,72.] [0.0263157895,0.0438596491,0.0175438596,0.0175438596,0.0175438596,
				 0.0087719298,0.0701754386,0.0350877193,0.0438596491,0.0263157895,
				 0.0087719298,0.0438596491,0.0350877193,0.0350877193,0.0350877193,
				 0.0263157895,0.0263157895,0.0175438596,0.0087719298,0.0350877193,
				 0.0175438596,0.0263157895,0.0116959064,0.0175438596,0.0175438596,
				 0.0219298246,0.0263157895,0.014619883 ,0.0116959064,0.0175438596,
				 0.0175438596,0.0131578947,0.0263157895,0.0098684211,0.0175438596,
				 0.0109649123,0.0098684211,0.0105263158,0.0131578947,0.0131578947,
				 0.0175438596]
				HistNode_104 Hist(analog|pw=0.0,pd=0.03333333333333333) [ 0., 1., 2., 3., 4., 5., 6., 7., 8., 9.,10.,11.,12.,13.,14.,15.,16.,17.,
				 18.,19.,20.,22.,23.,24.,29.,30.,36.,46.,48.,72.,73.] [0.0776699029,0.0485436893,0.0485436893,0.0388349515,0.0194174757,
				 0.0388349515,0.0388349515,0.0291262136,0.0388349515,0.0388349515,
				 0.0291262136,0.0194174757,0.0194174757,0.067961165 ,0.0388349515,
				 0.0388349515,0.0485436893,0.0582524272,0.0485436893,0.0194174757,
				 0.0194174757,0.0194174757,0.0194174757,0.0116504854,0.0097087379,
				 0.0113268608,0.0106796117,0.0145631068,0.0101132686,0.0194174757]
				HistNode_105 Hist(chip|pw=0.0,pd=0.02702702702702703) [ 0., 1., 2., 3., 4., 5., 6., 7., 8., 9.,10.,11.,14.,15.,16.,17.,18.,19.,
				 20.,21.,22.,23.,24.,25.,26.,27.,28.,29.,30.,33.,35.,37.,39.,40.,41.,42.,
				 76.,77.] [0.0909090909,0.0545454545,0.0272727273,0.0272727273,0.0272727273,
				 0.0272727273,0.0272727273,0.0454545455,0.0363636364,0.0363636364,
				 0.0272727273,0.0181818182,0.0181818182,0.0363636364,0.0545454545,
				 0.0181818182,0.0181818182,0.0363636364,0.0090909091,0.0090909091,
				 0.0181818182,0.0272727273,0.0272727273,0.0181818182,0.0181818182,
				 0.0181818182,0.0272727273,0.0181818182,0.0121212121,0.0136363636,
				 0.0136363636,0.0136363636,0.0181818182,0.0181818182,0.0181818182,
				 0.0096256684,0.0090909091]
				}
			}
		HistNode_106 Hist(fuzzy|pw=0.0,pd=0.1111111111111111) [ 0., 1., 2., 3., 4., 8.,13.,36.,71.,72.] [0.9667381974,0.0203862661,0.0053648069,0.0021459227,0.0010729614,
		 0.0010729614,0.0010729614,0.0010729614,0.0010729614]
		HistNode_107 Hist(tangent|pw=0.0,pd=0.058823529411764705) [ 0., 1., 2., 3., 4., 5., 6.,15.,18.,20.,34.,36.,38.,47.,66.,70.,72.,73.] [0.9340425532,0.029787234 ,0.0085106383,0.0010638298,0.0053191489,
		 0.0031914894,0.0010638298,0.0014184397,0.0015957447,0.0011398176,
		 0.0010638298,0.0015957447,0.0010638298,0.0011198208,0.0010638298,
		 0.0010638298,0.0021276596]
		HistNode_108 Hist(letter|pw=0.0,pd=0.05263157894736842) [ 0., 1., 2., 3., 4., 5., 6., 7., 8.,11.,12.,15.,17.,19.,20.,22.,41.,59.,
		 72.,73.] [0.8694267516,0.0721868365,0.0138004246,0.0127388535,0.0042462845,
		 0.0031847134,0.0010615711,0.0021231423,0.0017692852,0.0021231423,
		 0.0010615711,0.0015923567,0.0015923567,0.0010615711,0.0015923567,
		 0.0010615711,0.0011205473,0.0011432304,0.0021231423]
		HistNode_109 Hist(light|pw=0.0,pd=0.047619047619047616) [ 0., 1., 2., 3., 4., 5., 6., 7., 8., 9.,10.,12.,13.,14.,15.,18.,26.,27.,
		 45.,48.,72.,73.] [0.8463983051,0.0741525424,0.0201271186,0.0095338983,0.0074152542,
		 0.0084745763,0.0052966102,0.0031779661,0.0031779661,0.0021186441,
		 0.0015889831,0.0031779661,0.0021186441,0.0021186441,0.001059322 ,
		 0.001059322 ,0.001059322 ,0.0011181733,0.001059322 ,0.0011034605,
		 0.0021186441]
		HistNode_110 Hist(concept|pw=0.0,pd=0.045454545454545456) [ 0., 1., 2., 3., 4., 5., 6., 7., 8.,10.,11.,13.,16.,18.,20.,21.,22.,29.,
		 36.,44.,61.,72.,73.] [0.8201058201,0.0994708995,0.0328042328,0.0095238095,0.0095238095,
		 0.0021164021,0.0010582011,0.0021164021,0.0015873016,0.0021164021,
		 0.0015873016,0.0010582011,0.0010582011,0.0010582011,0.0021164021,
		 0.0010582011,0.0012093726,0.0010582011,0.0011904762,0.0011204482,
		 0.0010582011,0.0021164021]
		HistNode_111 Hist(pyramid|pw=0.0,pd=0.09090909090909091) [ 0., 1., 2., 3., 4., 5., 6.,10.,16.,25.,72.,73.] [0.9614561028,0.0107066381,0.0053533191,0.0053533191,0.0042826552,
		 0.0021413276,0.0013383298,0.0012491078,0.0011896265,0.0010934439,
		 0.0021413276]
		HistNode_112 Hist(wavelet|pw=0.0,pd=0.08333333333333333) [ 0., 1., 2., 3., 4., 9.,11.,32.,36.,45.,58.,72.,73.] [0.9550802139,0.0171122995,0.007486631 ,0.0042780749,0.0014973262,
		 0.0010695187,0.0011204482,0.0013368984,0.0011883541,0.0011517894,
		 0.0011459129,0.0010695187]
		HistNode_113 Hist(net|pw=0.0,pd=0.022222222222222223) [ 0., 1., 2., 3., 4., 5., 6., 7., 8., 9.,10.,11.,12.,13.,14.,15.,16.,17.,
		 18.,19.,20.,21.,22.,23.,24.,25.,26.,27.,28.,29.,32.,33.,34.,35.,36.,38.,
		 41.,42.,43.,49.,51.,66.,70.,71.,72.,73.] [0.5371900826,0.1652892562,0.0940082645,0.0340909091,0.0289256198,
		 0.0154958678,0.0082644628,0.0144628099,0.007231405 ,0.0092975207,
		 0.0051652893,0.0051652893,0.0041322314,0.0041322314,0.0020661157,
		 0.0051652893,0.0020661157,0.0020661157,0.0010330579,0.0051652893,
		 0.0030991736,0.0030991736,0.0020661157,0.0041322314,0.0030991736,
		 0.0041322314,0.0020661157,0.0020661157,0.0010330579,0.0010330579,
		 0.0020661157,0.0020661157,0.0020661157,0.0020661157,0.0010330579,
		 0.0010330579,0.0010330579,0.0010330579,0.0012052342,0.0010330579,
		 0.0011707989,0.0010330579,0.0010330579,0.0020661157,0.0010330579]
		HistNode_114 Hist(data|pw=0.0,pd=0.01818181818181818) [ 0., 1., 2., 3., 4., 5., 6., 7., 8., 9.,10.,11.,12.,13.,14.,15.,16.,17.,
		 18.,19.,20.,21.,22.,23.,24.,25.,26.,27.,28.,29.,30.,31.,32.,33.,34.,35.,
		 36.,38.,39.,40.,41.,42.,43.,46.,47.,48.,49.,50.,55.,57.,60.,62.,66.,70.,
		 73.,74.] [0.299591002 ,0.1431492843,0.1073619632,0.063394683 ,0.0511247444,
		 0.0408997955,0.0357873211,0.0388548057,0.0316973415,0.0255623722,
		 0.018404908 ,0.0163599182,0.0173824131,0.0102249489,0.0173824131,
		 0.0143149284,0.0040899796,0.009202454 ,0.0020449898,0.0051124744,
		 0.0040899796,0.0051124744,0.0030674847,0.0010224949,0.0030674847,
		 0.0020449898,0.0010224949,0.0010224949,0.0010224949,0.0010224949,
		 0.0010224949,0.0010224949,0.0010224949,0.0010224949,0.0010224949,
		 0.0010224949,0.0010224949,0.0010224949,0.0010224949,0.0010224949,
		 0.0010224949,0.0010224949,0.0010224949,0.0010224949,0.0010224949,
		 0.0010224949,0.0010224949,0.0010224949,0.0010224949,0.0010224949,
		 0.0010224949,0.0010224949,0.0010224949,0.0010224949,0.0010224949]
		SumNode_115 SumNode(0.9512459371614301*ProductNode_117, 0.032502708559046585*ProductNode_120, 0.016251354279523293*ProductNode_123){
			ProductNode_117 ProductNode(HistNode_118, HistNode_119){
				HistNode_118 Hist(potential|pw=0.0,pd=0.04) [ 0., 1., 2., 3., 4., 5., 6., 7., 8., 9.,10.,11.,13.,14.,15.,16.,17.,18.,
				 19.,21.,23.,24.,43.,53.,74.,75.] [0.7353266888,0.1273532669,0.0487264673,0.0276854928,0.0132890365,
				 0.0110741971,0.007751938 ,0.007751938 ,0.0033222591,0.0011074197,
				 0.0011074197,0.0011074197,0.0011074197,0.0011074197,0.0011074197,
				 0.0011074197,0.0011074197,0.0011074197,0.0011074197,0.0011074197,
				 0.0011074197,0.0011074197,0.0011074197,0.0011074197,0.0011074197]
				HistNode_119 Hist(spike|pw=0.0,pd=0.02631578947368421) [ 0., 1., 2., 3., 4., 5., 6., 7., 8., 9.,10.,11.,12.,13.,14.,16.,17.,19.,
				 20.,21.,22.,24.,25.,29.,30.,31.,33.,34.,35.,37.,40.,41.,42.,44.,48.,51.,
				 57.,78.,79.] [0.8886462882,0.0207423581,0.0163755459,0.0098253275,0.0065502183,
				 0.0032751092,0.0043668122,0.0010917031,0.0021834061,0.0021834061,
				 0.0021834061,0.0043668122,0.0043668122,0.0032751092,0.0016375546,
				 0.0032751092,0.0016375546,0.0010917031,0.0010917031,0.0010917031,
				 0.0010917031,0.0010917031,0.0010917031,0.0010917031,0.0010917031,
				 0.0010917031,0.0010917031,0.0010917031,0.0010917031,0.0010917031,
				 0.0010917031,0.0010917031,0.0010917031,0.0010917031,0.0010917031,
				 0.0010917031,0.0010917031,0.0010917031]
				}
			ProductNode_120 ProductNode(HistNode_121, HistNode_122){
				HistNode_121 Hist(potential|pw=0.0,pd=0.04) [ 0., 1., 2., 3., 4., 5., 6., 7., 8., 9.,10.,11.,13.,14.,15.,16.,17.,18.,
				 19.,21.,23.,24.,43.,53.,74.,75.] [0.0181818182,0.0181818182,0.0181818182,0.0181818182,0.0181818182,
				 0.0181818182,0.0181818182,0.0363636364,0.0363636364,0.0545454545,
				 0.1636363636,0.0363636364,0.0727272727,0.0727272727,0.0181818182,
				 0.0363636364,0.0363636364,0.0727272727,0.0272727273,0.0181818182,
				 0.0181818182,0.0200956938,0.02        ,0.0181818182,0.0363636364]
				HistNode_122 Hist(spike|pw=0.0,pd=0.02631578947368421) [ 0., 1., 2., 3., 4., 5., 6., 7., 8., 9.,10.,11.,12.,13.,14.,16.,17.,19.,
				 20.,21.,22.,24.,25.,29.,30.,31.,33.,34.,35.,37.,40.,41.,42.,44.,48.,51.,
				 57.,78.,79.] [0.2794117647,0.0147058824,0.0147058824,0.0588235294,0.0588235294,
				 0.0294117647,0.0294117647,0.0147058824,0.0588235294,0.0147058824,
				 0.0147058824,0.0147058824,0.0147058824,0.0294117647,0.0147058824,
				 0.0147058824,0.0147058824,0.0147058824,0.0147058824,0.0147058824,
				 0.0147058824,0.0147058824,0.0147058824,0.0147058824,0.0147058824,
				 0.0147058824,0.0147058824,0.0147058824,0.0147058824,0.0147058824,
				 0.0147058824,0.0147058824,0.0147058824,0.0147058824,0.0147058824,
				 0.0147058824,0.0147058824,0.0147058824]
				}
			ProductNode_123 ProductNode(HistNode_124, HistNode_125){
				HistNode_124 Hist(potential|pw=0.0,pd=0.04) [ 0., 1., 2., 3., 4., 5., 6., 7., 8., 9.,10.,11.,13.,14.,15.,16.,17.,18.,
				 19.,21.,23.,24.,43.,53.,74.,75.] [0.125 ,0.05  ,0.075 ,0.025 ,0.1   ,0.05  ,0.025 ,0.025 ,0.05  ,0.05  ,
				 0.025 ,0.025 ,0.025 ,0.05  ,0.025 ,0.025 ,0.025 ,0.025 ,0.025 ,0.0375,
				 0.025 ,0.025 ,0.025 ,0.025 ,0.025 ]
				HistNode_125 Hist(spike|pw=0.0,pd=0.02631578947368421) [ 0., 1., 2., 3., 4., 5., 6., 7., 8., 9.,10.,11.,12.,13.,14.,16.,17.,19.,
				 20.,21.,22.,24.,25.,29.,30.,31.,33.,34.,35.,37.,40.,41.,42.,44.,48.,51.,
				 57.,78.,79.] [0.0188679245,0.0188679245,0.0188679245,0.0188679245,0.0188679245,
				 0.0188679245,0.0188679245,0.0188679245,0.0188679245,0.0188679245,
				 0.0188679245,0.0188679245,0.0188679245,0.0188679245,0.0188679245,
				 0.0188679245,0.0188679245,0.0377358491,0.0377358491,0.0377358491,
				 0.0188679245,0.0188679245,0.0188679245,0.0377358491,0.0377358491,
				 0.0283018868,0.0188679245,0.0377358491,0.0283018868,0.0251572327,
				 0.0377358491,0.0377358491,0.0188679245,0.0283018868,0.0251572327,
				 0.0220125786,0.0188679245,0.0188679245]
				}
			}
		HistNode_126 Hist(star|pw=0.0,pd=0.1111111111111111) [ 0., 1., 2., 3., 4., 5., 6., 7.,74.,75.] [0.9624463519,0.0225321888,0.0042918455,0.0021459227,0.0021459227,
		 0.0010729614,0.0010729614,0.0010889757,0.0021459227]
		HistNode_127 Hist(chess|pw=0.0,pd=0.2) [ 0., 1., 2., 4.,74.,75.] [0.9870689655,0.005387931 ,0.0021551724,0.0010929803,0.0021551724]
		HistNode_128 Hist(estimator|pw=0.0,pd=0.05) [ 0., 1., 2., 3., 4., 5., 6., 7., 8., 9.,10.,11.,12.,13.,15.,16.,20.,21.,
		 29.,74.,75.] [0.8981972428,0.0360551432,0.0201484624,0.0042417815,0.0053022269,
		 0.0053022269,0.0021208908,0.0042417815,0.0031813362,0.0021208908,
		 0.0053022269,0.0010604454,0.0021208908,0.0015906681,0.0021208908,
		 0.0013255567,0.0010604454,0.0010604454,0.0010604454,0.0010604454]
		HistNode_129 Hist(oscillator|pw=0.0,pd=0.05263157894736842) [ 0., 1., 2., 3., 4., 5., 6., 8.,10.,11.,14.,20.,21.,23.,25.,35.,53.,56.,
		 75.,76.] [0.9384288747,0.0148619958,0.008492569 ,0.0063694268,0.0042462845,
		 0.0031847134,0.0015923567,0.0021231423,0.0021231423,0.0014154282,
		 0.0010615711,0.0021231423,0.0010615711,0.0015923567,0.0010615711,
		 0.0010615711,0.0014154282,0.0011174433,0.0021231423]
		HistNode_130 Hist(instruction|pw=0.0,pd=0.07692307692307693) [ 0., 1., 2., 3., 6., 7., 9.,15.,16.,18.,20.,71.,76.,77.] [0.9572649573,0.0213675214,0.0032051282,0.0014245014,0.0010683761,
		 0.0016025641,0.0012464387,0.0021367521,0.0016025641,0.0010683761,
		 0.0010683761,0.0012820513,0.0021367521]
		HistNode_131 Hist(component|pw=0.0,pd=0.02702702702702703) [ 0., 1., 2., 3., 4., 5., 6., 7., 8., 9.,10.,11.,12.,13.,14.,15.,16.,17.,
		 19.,20.,21.,22.,24.,25.,26.,27.,29.,30.,32.,36.,37.,41.,51.,53.,56.,61.,
		 76.,77.] [0.4979166667,0.175       ,0.0875      ,0.046875    ,0.0375      ,
		 0.025       ,0.0177083333,0.0166666667,0.0114583333,0.0072916667,
		 0.0104166667,0.0083333333,0.003125    ,0.0052083333,0.0041666667,
		 0.00625     ,0.0010416667,0.0015625   ,0.003125    ,0.003125    ,
		 0.0020833333,0.0015625   ,0.003125    ,0.0020833333,0.0010416667,
		 0.0020833333,0.0010416667,0.0010416667,0.0010416667,0.0020833333,
		 0.0010416667,0.0011458333,0.0010416667,0.0013888889,0.00125     ,
		 0.0010416667,0.0020833333]
		HistNode_132 Hist(option|pw=0.0,pd=0.14285714285714285) [ 0., 1., 2., 3., 4.,32.,76.,77.] [0.964516129 ,0.0225806452,0.0043010753,0.0032258065,0.0011136713,
		 0.0010752688,0.0021505376]
		HistNode_133 Hist(pattern|pw=0.0,pd=0.020833333333333332) [ 0., 1., 2., 3., 4., 5., 6., 7., 8., 9.,10.,11.,12.,13.,14.,15.,16.,17.,
		 18.,19.,20.,21.,22.,23.,24.,25.,26.,27.,28.,29.,30.,31.,32.,33.,34.,35.,
		 36.,38.,39.,44.,48.,49.,51.,53.,57.,66.,68.,76.,77.] [0.4057672503,0.1483007209,0.08753862  ,0.0453141092,0.0473738414,
		 0.0308959835,0.0278063852,0.0205973223,0.0195674562,0.017507724 ,
		 0.0113285273,0.0051493306,0.0113285273,0.0113285273,0.0041194645,
		 0.0113285273,0.0041194645,0.0072090628,0.0030895984,0.0041194645,
		 0.0030895984,0.0030895984,0.0061791967,0.0041194645,0.0051493306,
		 0.0030895984,0.0010298661,0.0030895984,0.0030895984,0.0041194645,
		 0.0030895984,0.0020597322,0.0041194645,0.0010298661,0.0051493306,
		 0.0041194645,0.0020597322,0.0020597322,0.0012358393,0.0010298661,
		 0.0020597322,0.0010298661,0.0010298661,0.0012873326,0.0010298661,
		 0.0015447992,0.0011585994,0.0010298661]
		HistNode_134 Hist(rotation|pw=0.0,pd=0.05263157894736842) [ 0., 1., 2., 3., 4., 5., 6., 7., 8.,11.,12.,13.,16.,17.,25.,31.,33.,69.,
		 76.,77.] [0.8821656051,0.0467091295,0.0148619958,0.0116772824,0.0031847134,
		 0.0063694268,0.0042462845,0.0031847134,0.0014154282,0.0031847134,
		 0.0042462845,0.0017692852,0.0021231423,0.0013269639,0.0012384996,
		 0.0015923567,0.0010910592,0.0012132241,0.0010615711]
		HistNode_135 Hist(belief|pw=0.0,pd=0.047619047619047616) [ 0., 1., 2., 3., 4., 5., 6., 7., 8., 9.,10.,12.,13.,14.,15.,16.,17.,18.,
		 37.,61.,77.,78.] [0.9226694915,0.0254237288,0.0052966102,0.0052966102,0.0042372881,
		 0.001059322 ,0.0042372881,0.0042372881,0.0021186441,0.0031779661,
		 0.0021186441,0.0021186441,0.0021186441,0.0021186441,0.001059322 ,
		 0.0031779661,0.0021186441,0.001059322 ,0.0011034605,0.001059322 ,
		 0.0021186441]
		HistNode_136 Hist(map|pw=0.0,pd=0.025) [ 0., 1., 2., 3., 4., 5., 6., 7., 8., 9.,10.,11.,12.,13.,14.,15.,16.,17.,
		 18.,19.,20.,21.,23.,26.,27.,28.,29.,31.,36.,37.,38.,39.,41.,43.,49.,50.,
		 56.,61.,68.,77.,78.] [0.6355140187,0.1194184839,0.0633437175,0.0249221184,0.0238836968,
		 0.0124610592,0.0166147456,0.0041536864,0.010384216 ,0.0072689512,
		 0.0041536864,0.0072689512,0.0062305296,0.0020768432,0.0041536864,
		 0.0020768432,0.005192108 ,0.0031152648,0.0041536864,0.0031152648,
		 0.0031152648,0.0020768432,0.0010384216,0.0020768432,0.0020768432,
		 0.0020768432,0.0010384216,0.0012461059,0.0031152648,0.0020768432,
		 0.0010384216,0.0015576324,0.0015576324,0.0012114919,0.0020768432,
		 0.0012114919,0.0012461059,0.0011867675,0.0011538018,0.0010384216]
		HistNode_137 Hist(tree|pw=0.0,pd=0.03125) [ 0., 1., 2., 3., 4., 5., 6., 7., 8., 9.,10.,11.,12.,13.,14.,15.,16.,17.,
		 18.,20.,24.,25.,26.,27.,30.,31.,32.,34.,39.,45.,47.,77.,78.] [0.8638743455,0.0387434555,0.0209424084,0.0073298429,0.0073298429,
		 0.0062827225,0.0020942408,0.0041884817,0.0031413613,0.0041884817,
		 0.0020942408,0.0020942408,0.0010471204,0.0010471204,0.0031413613,
		 0.0020942408,0.0020942408,0.0010471204,0.0010471204,0.0010471204,
		 0.0031413613,0.0031413613,0.0010471204,0.0010471204,0.0031413613,
		 0.0010471204,0.0010471204,0.0016753927,0.0012216405,0.0010471204,
		 0.0010820244,0.0020942408]
		HistNode_138 Hist(delay|pw=0.0,pd=0.034482758620689655) [ 0., 1., 2., 3., 4., 5., 6., 7., 8., 9.,10.,12.,13.,14.,15.,17.,18.,19.,
		 21.,22.,23.,24.,27.,30.,32.,36.,39.,58.,78.,79.] [0.7783613445,0.0850840336,0.0441176471,0.0157563025,0.0105042017,
		 0.0073529412,0.0031512605,0.0010504202,0.0052521008,0.0073529412,
		 0.0015756303,0.0042016807,0.0010504202,0.0042016807,0.0015756303,
		 0.0031512605,0.0021008403,0.0015756303,0.0021008403,0.0021008403,
		 0.0021008403,0.0017507003,0.0014005602,0.0015756303,0.0013130252,
		 0.0010504202,0.0011057054,0.0010504202,0.0010504202]
		HistNode_139 Hist(eeg|pw=0.0,pd=0.07692307692307693) [ 0., 1., 2., 3., 4., 8., 9.,11.,14.,26.,48.,49.,79.,80.] [0.9658119658,0.0096153846,0.0053418803,0.0042735043,0.0010683761,
		 0.0032051282,0.0016025641,0.0014245014,0.0011574074,0.0010683761,
		 0.0010683761,0.0010683761,0.0010683761]
		SumNode_140 SumNode(0.9284940411700975*ProductNode_142, 0.05742145178764897*ProductNode_145, 0.014084507042253521*ProductNode_148){
			ProductNode_142 ProductNode(HistNode_143, HistNode_144){
				HistNode_143 Hist(rule|pw=0.0,pd=0.030303030303030304) [ 0., 1., 2., 3., 4., 5., 6., 7., 8., 9.,10.,11.,12.,13.,14.,15.,16.,17.,
				 18.,21.,22.,23.,24.,27.,28.,31.,33.,36.,44.,47.,48.,55.,79.,80.] [0.6471910112,0.1685393258,0.0651685393,0.0438202247,0.0348314607,
				 0.0101123596,0.0011235955,0.0011235955,0.0011235955,0.0011235955,
				 0.0011235955,0.0011235955,0.0011235955,0.0011235955,0.0011235955,
				 0.0011235955,0.0011235955,0.0011235955,0.0011235955,0.0011235955,
				 0.0011235955,0.0011235955,0.0011235955,0.0011235955,0.0011235955,
				 0.0011235955,0.0011235955,0.0011235955,0.0011235955,0.0011235955,
				 0.0011235955,0.0011235955,0.0011235955]
				HistNode_144 Hist(rules|pw=0.0,pd=0.030303030303030304) [ 0., 1., 2., 3., 4., 5., 6., 7., 8., 9.,10.,11.,12.,13.,14.,15.,16.,17.,
				 18.,20.,21.,22.,25.,26.,27.,31.,33.,37.,43.,57.,58.,73.,79.,80.] [0.8213483146,0.0887640449,0.0247191011,0.0146067416,0.0056179775,
				 0.006741573 ,0.004494382 ,0.002247191 ,0.002247191 ,0.002247191 ,
				 0.0011235955,0.0011235955,0.0011235955,0.0011235955,0.0011235955,
				 0.002247191 ,0.0011235955,0.0011235955,0.0011235955,0.0011235955,
				 0.0011235955,0.0011235955,0.0011235955,0.0011235955,0.0011235955,
				 0.0011235955,0.0011235955,0.0011235955,0.0011235955,0.0011235955,
				 0.0011235955,0.0011235955,0.0011235955]
				}
			ProductNode_145 ProductNode(HistNode_146, HistNode_147){
				HistNode_146 Hist(rule|pw=0.0,pd=0.030303030303030304) [ 0., 1., 2., 3., 4., 5., 6., 7., 8., 9.,10.,11.,12.,13.,14.,15.,16.,17.,
				 18.,21.,22.,23.,24.,27.,28.,31.,33.,36.,44.,47.,48.,55.,79.,80.] [0.011627907 ,0.011627907 ,0.011627907 ,0.011627907 ,0.023255814 ,
				 0.011627907 ,0.1046511628,0.1046511628,0.0930232558,0.0697674419,
				 0.0697674419,0.0697674419,0.0581395349,0.0348837209,0.023255814 ,
				 0.0348837209,0.023255814 ,0.0465116279,0.015503876 ,0.011627907 ,
				 0.011627907 ,0.011627907 ,0.011627907 ,0.011627907 ,0.011627907 ,
				 0.011627907 ,0.011627907 ,0.011627907 ,0.011627907 ,0.011627907 ,
				 0.011627907 ,0.011627907 ,0.011627907 ]
				HistNode_147 Hist(rules|pw=0.0,pd=0.030303030303030304) [ 0., 1., 2., 3., 4., 5., 6., 7., 8., 9.,10.,11.,12.,13.,14.,15.,16.,17.,
				 18.,20.,21.,22.,25.,26.,27.,31.,33.,37.,43.,57.,58.,73.,79.,80.] [0.2325581395,0.1279069767,0.0581395349,0.0930232558,0.0813953488,
				 0.0465116279,0.023255814 ,0.023255814 ,0.023255814 ,0.011627907 ,
				 0.011627907 ,0.011627907 ,0.011627907 ,0.023255814 ,0.011627907 ,
				 0.011627907 ,0.011627907 ,0.011627907 ,0.011627907 ,0.011627907 ,
				 0.011627907 ,0.011627907 ,0.011627907 ,0.011627907 ,0.011627907 ,
				 0.011627907 ,0.011627907 ,0.011627907 ,0.011627907 ,0.011627907 ,
				 0.011627907 ,0.011627907 ,0.011627907 ]
				}
			ProductNode_148 ProductNode(HistNode_149, HistNode_150){
				HistNode_149 Hist(rule|pw=0.0,pd=0.030303030303030304) [ 0., 1., 2., 3., 4., 5., 6., 7., 8., 9.,10.,11.,12.,13.,14.,15.,16.,17.,
				 18.,21.,22.,23.,24.,27.,28.,31.,33.,36.,44.,47.,48.,55.,79.,80.] [0.0217391304,0.0217391304,0.0217391304,0.0217391304,0.0217391304,
				 0.0217391304,0.0434782609,0.0217391304,0.0217391304,0.0217391304,
				 0.0217391304,0.0217391304,0.0434782609,0.0434782609,0.0652173913,
				 0.0434782609,0.0217391304,0.0217391304,0.0217391304,0.0434782609,
				 0.0217391304,0.0434782609,0.0217391304,0.0652173913,0.0217391304,
				 0.0326086957,0.0217391304,0.0244565217,0.0217391304,0.0434782609,
				 0.0217391304,0.0217391304,0.0217391304]
				HistNode_150 Hist(rules|pw=0.0,pd=0.030303030303030304) [ 0., 1., 2., 3., 4., 5., 6., 7., 8., 9.,10.,11.,12.,13.,14.,15.,16.,17.,
				 18.,20.,21.,22.,25.,26.,27.,31.,33.,37.,43.,57.,58.,73.,79.,80.] [0.0217391304,0.0217391304,0.0217391304,0.0217391304,0.0217391304,
				 0.0217391304,0.0217391304,0.0217391304,0.0217391304,0.0217391304,
				 0.0217391304,0.0217391304,0.0217391304,0.0652173913,0.0652173913,
				 0.0217391304,0.0217391304,0.0217391304,0.0326086957,0.0434782609,
				 0.0652173913,0.0289855072,0.0217391304,0.0217391304,0.027173913 ,
				 0.0326086957,0.0217391304,0.0217391304,0.0232919255,0.0434782609,
				 0.0217391304,0.0217391304,0.0217391304]
				}
			}
		HistNode_151 Hist(expert|pw=0.0,pd=0.029411764705882353) [ 0., 1., 2., 3., 4., 5., 6., 7., 8., 9.,10.,12.,13.,14.,15.,16.,19.,20.,
		 22.,24.,25.,26.,27.,29.,32.,34.,35.,36.,38.,39.,45.,60.,67.,79.,80.] [0.8861024033,0.0303030303,0.0167189133,0.0062695925,0.0020898642,
		 0.0010449321,0.0062695925,0.0010449321,0.0031347962,0.0052246604,
		 0.0010449321,0.0020898642,0.0020898642,0.0020898642,0.0010449321,
		 0.0013932428,0.0041797283,0.0010449321,0.0015673981,0.0010449321,
		 0.0010449321,0.0020898642,0.0015673981,0.0013932428,0.0015673981,
		 0.0010449321,0.0010449321,0.0015673981,0.0010449321,0.0012190874,
		 0.0010449321,0.0011942081,0.0011320098,0.0010449321]
		HistNode_152 Hist(block|pw=0.0,pd=0.034482758620689655) [ 0., 1., 2., 3., 4., 5., 6., 7., 8., 9.,10.,11.,12.,13.,14.,15.,16.,17.,
		 18.,19.,20.,22.,26.,33.,35.,36.,39.,46.,80.,81.] [0.8035714286,0.0672268908,0.0378151261,0.018907563 ,0.0094537815,
		 0.006302521 ,0.0042016807,0.006302521 ,0.0021008403,0.0021008403,
		 0.0021008403,0.0031512605,0.0031512605,0.0021008403,0.0031512605,
		 0.0031512605,0.0021008403,0.0021008403,0.0010504202,0.0031512605,
		 0.0010504202,0.0013130252,0.0012004802,0.0010504202,0.0021008403,
		 0.0014005602,0.0012004802,0.0010813149,0.0021008403]
		HistNode_153 Hist(user|pw=0.0,pd=0.05) [ 0., 1., 2., 3., 4., 5., 6., 8., 9.,10.,15.,18.,20.,23.,31.,34.,37.,42.,
		 46.,80.,81.] [0.9119830329,0.0392364793,0.0127253446,0.0074231177,0.0031813362,
		 0.0010604454,0.0015906681,0.0021208908,0.0021208908,0.0012725345,
		 0.0014139272,0.0015906681,0.0014139272,0.0010604454,0.0010604454,
		 0.0014139272,0.0010604454,0.0010604454,0.001091635 ,0.0010604454]
		HistNode_154 Hist(loss|pw=0.0,pd=0.038461538461538464) [ 0., 1., 2., 3., 4., 5., 6., 8., 9.,10.,12.,14.,15.,17.,18.,20.,21.,22.,
		 26.,27.,29.,40.,42.,46.,79.,81.,82.] [0.8356164384,0.08113804  ,0.0273972603,0.009483667 ,0.0031612223,
		 0.0042149631,0.0015806112,0.0021074816,0.0021074816,0.0010537408,
		 0.0010537408,0.0031612223,0.0015806112,0.0021074816,0.0010537408,
		 0.0021074816,0.0021074816,0.001317176 ,0.0021074816,0.0015806112,
		 0.0010537408,0.0015806112,0.001317176 ,0.0010856723,0.0015806112,
		 0.0021074816]
		}
	}
