Age,Fare,Pclass,Survived,IsAlone,Deck,EmbarkedQ,EmbarkedS,SexMale,TitleMiss,TitleMr,TitleMrs,TitleOthers
22,0.0141510576,1,0,0,0,0,1,1,0,1,0,0
38,0.1391357354,0,1,0,0.7142857143,0,0,0,0,0,1,0
26,0.0154685698,1,1,1,0,0,1,0,1,0,0,0
35,0.1036442975,0,1,0,0.7142857143,0,1,0,0,0,1,0
35,0.0157125536,1,0,1,0,0,1,1,0,1,0,0
24,0.0165095021,1,0,1,0,1,0,1,0,1,0,0
54,0.1012288583,0,0,1,0.4285714286,0,1,1,0,1,0,0
2,0.0411356604,1,0,0,0,0,1,1,0,0,0,0
27,0.0217307544,1,1,0,0,0,1,0,0,0,1,0
14,0.0586942927,0.5,1,0,0,0,0,0,0,0,1,0
4,0.0325962291,1,1,0,0.1428571429,0,1,0,1,0,0,0
58,0.0518221487,0,1,1,0.7142857143,0,1,0,1,0,0,0
20,0.0157125536,1,0,1,0,0,1,1,0,1,0,0
39,0.0610447345,1,0,0,0,0,1,1,0,1,0,0
14,0.0153303774,1,0,1,0,0,1,0,1,0,0,0
55,0.0312299201,0.5,1,1,0,0,1,0,0,0,1,0
2,0.056848214,1,0,0,0,1,0,1,0,0,0,0
29,0.0253743101,0.5,1,1,0,0,1,1,0,1,0,0
31,0.0351336602,1,0,0,0,0,1,0,0,0,1,0
24,0.0141022608,1,1,1,0,0,0,0,0,0,1,0
35,0.0507486202,0.5,0,1,0,0,1,1,0,1,0,0
34,0.0253743101,0.5,1,1,0.5714285714,0,1,1,0,1,0,0
15,0.0156719547,1,1,1,0,1,0,0,1,0,0,0
28,0.0692913853,0,1,1,1,0,1,1,0,1,0,0
8,0.0411356604,1,0,0,0,0,1,0,1,0,0,0
38,0.0612643199,1,1,0,0,0,1,0,0,0,1,0
24,0.0141022608,1,0,1,0,0,0,1,0,1,0,0
19,0.5133418123,0,0,0,0.7142857143,0,1,1,0,1,0,0
24,0.0153791742,1,1,1,0,1,0,0,1,0,0,0
24,0.0154115752,1,0,1,0,0,1,1,0,1,0,0
40,0.0541073981,0,0,1,0,0,0,1,0,0,0,1
37,0.2859895552,0,1,0,0.8571428571,0,0,0,0,0,1,0
24,0.0151269926,1,1,1,0,1,0,0,1,0,0,0
66,0.0204946351,0.5,0,1,0,0,1,1,0,1,0,0
28,0.1603867201,0,0,0,0,0,0,1,0,1,0,0
42,0.1014972404,0,0,0,0,0,1,1,0,1,0,0
24,0.0141104587,1,1,1,0,0,0,1,0,1,0,0
21,0.0157125536,1,0,1,0,0,1,1,0,1,0,0
18,0.0351336602,1,0,0,0,0,1,0,1,0,0,0
14,0.0219423371,1,1,0,0,0,0,0,1,0,0,0
40,0.0184939683,1,0,0,0,0,1,0,0,0,1,0
27,0.0409892702,0.5,0,0,0,0,1,0,0,0,1,0
24,0.0154115752,1,0,1,0,0,0,1,0,1,0,0
3,0.0811571935,0.5,1,0,0,0,0,0,1,0,0,0
19,0.0153791742,1,1,1,0,1,0,0,1,0,0,0
24,0.0157125536,1,0,1,0,0,1,1,0,1,0,0
24,0.0302539851,1,0,0,0,1,0,1,0,1,0,0
24,0.0151269926,1,1,1,0,1,0,0,1,0,0,0
24,0.0423149803,1,0,0,0,0,0,1,0,1,0,0
18,0.0347432862,1,0,0,0,0,1,0,0,0,1,0
7,0.077464841,1,0,0,0,0,1,1,0,0,0,0
21,0.0152245861,1,0,1,0,0,1,1,0,1,0,0
49,0.1497654243,0,1,0,0.5714285714,0,0,0,0,0,1,0
29,0.0507486202,0.5,1,0,0,0,1,0,0,0,1,0
65,0.1209753416,0,0,0,0.8571428571,0,0,1,0,1,0,0
37,0.0692913853,0,1,1,0.7142857143,0,1,1,0,1,0,0
21,0.0204946351,0.5,1,1,0,0,1,0,1,0,0,0
28.5,0.0141104587,1,0,1,0,0,0,1,0,1,0,0
5,0.0541643927,0.5,1,0,0,0,1,0,1,0,0,0
11,0.0915427034,1,0,0,0,0,1,1,0,0,0,0
22,0.0141104587,1,0,1,0,0,0,1,0,1,0,0
38,0.1561496007,0,1,1,0.8571428571,0,1,0,1,0,0,0
45,0.162932349,0,0,0,0.7142857143,0,1,1,0,1,0,0
4,0.0544571732,1,0,0,0,0,1,1,0,0,0,0
37,0.0541073981,0,0,1,0,0,0,1,0,1,0,0
24,0.0297578198,1,1,0,0,0,0,1,0,0,0,0
29,0.0204946351,0.5,1,1,0.2857142857,0,1,0,0,0,1,0
19,0.0159239411,1,0,1,0,0,1,1,0,1,0,0
17,0.0154685698,1,1,0,0,0,1,0,1,0,0,0
26,0.0169080739,1,0,0,0,0,1,1,0,1,0,0
32,0.0204946351,0.5,0,1,0,0,1,1,0,1,0,0
16,0.0915427034,1,0,0,0,0,1,0,1,0,0,0
21,0.1434624456,0.5,0,1,0,0,1,1,0,1,0,0
26,0.0282127195,1,0,0,0,0,0,1,0,1,0,0
32,0.1102724576,1,1,1,0,0,1,1,0,1,0,0
25,0.0149318056,1,0,1,0.2857142857,0,1,1,0,1,0,0
24,0.0154115752,1,0,1,0,0,1,1,0,1,0,0
24,0.0157125536,1,0,1,0,0,1,1,0,1,0,0
0.83,0.0566042302,0.5,1,0,0,0,1,1,0,0,0,0
30,0.0243495784,1,1,1,0,0,1,0,1,0,0,0
22,0.0175668301,1,0,1,0,0,1,1,0,1,0,0
29,0.0185427651,1,1,1,0,0,1,1,0,1,0,0
24,0.0152001877,1,1,1,0,1,0,0,1,0,0,0
28,0.0919330774,0,0,1,0,0,1,1,0,1,0,0
17,0.0204946351,0.5,1,1,0,0,1,0,1,0,0,0
33,0.0309371396,1,1,0,0,0,1,0,0,0,1,0
16,0.0670955315,1,0,0,0,0,1,1,0,1,0,0
24,0.0157125536,1,0,1,0,0,1,1,0,1,0,0
23,0.5133418123,0,1,0,0.7142857143,0,1,0,1,0,0,0
24,0.0157125536,1,0,1,0,0,1,1,0,1,0,0
29,0.0157125536,1,0,1,0,0,1,1,0,1,0,0
20,0.0153303774,1,0,1,0,0,1,1,0,1,0,0
46,0.1194056478,0,0,0,0.4285714286,0,1,1,0,1,0,0
26,0.0401597254,1,0,0,0,0,1,1,0,1,0,0
59,0.0141510576,1,0,1,0,0,1,1,0,1,0,0
24,0.0157125536,1,0,1,0,0,1,1,0,1,0,0
71,0.0676404937,0,0,1,1,0,0,1,0,1,0,0
23,0.1236671656,0,1,0,0.5714285714,0,0,1,0,1,0,0
34,0.0448930102,0.5,1,0,0,0,1,0,0,0,1,0
34,0.0507486202,0.5,0,0,0,0,1,1,0,1,0,0
28,0.0154115752,1,0,1,0,0,1,0,1,0,0,0
24,0.0154115752,1,0,1,0,0,1,1,0,1,0,0
21,0.1508551533,0,0,0,0.5714285714,0,1,1,0,1,0,0
33,0.0168918734,1,0,1,0,0,1,1,0,1,0,0
37,0.0154685698,1,0,0,0,0,1,1,0,1,0,0
28,0.0154115752,1,0,1,0,0,1,1,0,1,0,0
21,0.0149318056,1,1,1,0,0,1,0,1,0,0,0
24,0.0151757893,1,1,1,0,0,1,1,0,1,0,0
38,0.0154115752,1,0,1,0,0,1,1,0,1,0,0
24,0.0471376607,1,1,0,0,1,0,0,1,0,0,0
47,0.1014972404,0,0,1,0.7142857143,0,1,1,0,1,0,0
14.5,0.0282127195,1,0,0,0,0,0,0,1,0,0,0
22,0.0157125536,1,0,1,0,0,1,1,0,1,0,0
20,0.0191771228,1,0,0,0,0,1,0,1,0,0,0
17,0.0282207221,1,0,1,0,0,0,0,1,0,0,0
21,0.0154685698,1,0,1,0,0,1,1,0,1,0,0
70.5,0.0151269926,1,0,1,0,1,0,1,0,1,0,0
29,0.0409892702,0.5,0,0,0,0,1,1,0,1,0,0
24,0.483128426,0,0,0,0.8571428571,0,0,1,0,1,0,0
2,0.0610447345,1,0,0,0,0,1,0,1,0,0,0
21,0.1434624456,0.5,0,0,0,0,1,1,0,1,0,0
24,0.0157125536,1,0,1,0,0,1,1,0,1,0,0
32.5,0.0586942927,0.5,0,0,0,0,0,1,0,1,0,0
32.5,0.0253743101,0.5,1,1,0.4285714286,0,1,0,1,0,0,0
54,0.1508551533,0,0,0,0.5714285714,0,1,1,0,1,0,0
12,0.0219423371,1,1,0,0,0,0,1,0,0,0,0
24,0.0151269926,1,0,1,0,1,0,1,0,1,0,0
24,0.01393967,1,1,1,0,0,1,1,0,1,0,0
24,0.0436404952,1,1,0,0.4285714286,0,0,0,1,0,0,0
45,0.0136142933,1,0,1,0,0,1,1,0,1,0,0
33,0.0154115752,1,0,1,0,0,0,1,0,1,0,0
20,0.0137606836,1,0,1,0,0,1,1,0,1,0,0
47,0.0283021151,1,0,0,0,0,1,0,0,0,1,0
29,0.0507486202,0.5,1,0,0,0,1,0,0,0,1,0
25,0.0253743101,0.5,0,1,0,0,1,1,0,1,0,0
23,0.0293674458,0.5,0,1,0,0,0,1,0,1,0,0
19,0.051301585,0,1,0,0.5714285714,0,1,0,1,0,0,0
37,0.1036442975,0,0,0,0.7142857143,0,1,1,0,1,0,0
16,0.0179898003,1,0,1,0,0,1,1,0,1,0,0
24,0.1545881047,0,0,1,0.8571428571,0,0,1,0,1,0,0
24,0.0297578198,1,0,0,0,0,0,0,0,0,1,0
22,0.0151269926,1,1,1,0,0,1,0,1,0,0,0
24,0.0309371396,1,1,0,0,0,1,0,0,0,1,0
19,0.0131751226,1,0,1,0,1,0,1,0,1,0,0
18,0.0224465051,0.5,0,1,0,0,1,1,0,1,0,0
19,0.0717312228,0.5,0,0,0,0,1,1,0,1,0,0
27,0.0152163882,1,1,1,0,0,1,1,0,1,0,0
9,0.0670955315,1,0,0,0,0,1,0,1,0,0,0
36.5,0.0507486202,0.5,0,0,0.2857142857,0,1,1,0,1,0,0
42,0.0253743101,0.5,0,1,0,0,1,1,0,0,0,1
51,0.0244471719,0.5,0,1,0,0,1,1,0,0,0,1
22,0.1299945426,0,1,0,0.7142857143,0,1,0,0,0,1,0
55.5,0.0157125536,1,0,1,0,0,1,1,0,1,0,0
40.5,0.0283021151,1,0,0,0,0,1,1,0,1,0,0
24,0.0142730494,1,0,1,0,0,1,1,0,1,0,0
51,0.1198042196,0,0,0,0,0,0,1,0,1,0,0
16,0.0150943963,1,1,1,0,1,0,0,1,0,0,0
30,0.0157125536,1,0,1,0,0,1,1,0,1,0,0
24,0.0169080739,1,0,1,0,0,1,1,0,1,0,0
24,0.1357525591,1,0,0,0,0,1,1,0,0,0,0
44,0.0314251071,1,0,0,0,0,1,1,0,1,0,0
40,0.0307419526,0.5,1,1,0,0,1,0,0,0,1,0
26,0.0151757893,1,0,1,0,0,1,1,0,1,0,0
17,0.0169080739,1,0,1,0,0,1,1,0,1,0,0
1,0.077464841,1,0,0,0,0,1,1,0,0,0,0
9,0.0400621319,1,1,0,0,0,1,1,0,0,0,0
37,0.1073528505,0,1,0,0.4285714286,0,1,0,0,0,1,0
45,0.0544571732,1,0,0,0,0,1,0,0,0,1,0
37,0.05060223,0,0,1,0,0,1,1,0,1,0,0
28,0.1102724576,1,0,1,0,0,1,1,0,1,0,0
61,0.0653876453,0,0,1,0.8571428571,0,1,1,0,1,0,0
4,0.056848214,1,0,0,0,1,0,1,0,0,0,0
1,0.0217307544,1,1,0,0,0,1,0,1,0,0,0
21,0.0154685698,1,0,1,0,0,1,1,0,1,0,0
56,0.0599142114,0,0,1,1,0,0,1,0,1,0,0
18,0.0153303774,1,0,0,0,0,1,1,0,1,0,0
24,0.0497076879,1,0,0,0,0,1,1,0,0,0,0
50,0.0560430676,0,0,1,0.7142857143,0,0,0,1,0,0,0
30,0.0253743101,0.5,0,1,0,0,1,1,0,1,0,0
36,0,1,0,1,0,0,1,1,0,1,0,0
24,0.1357525591,1,0,0,0,0,1,0,1,0,0,0
29,0.0293756436,0.5,0,1,0,0,0,1,0,1,0,0
9,0.0612643199,1,0,0,0,0,1,1,0,0,0,0
1,0.0761229303,0.5,1,0,0.2857142857,0,1,1,0,0,0,0
4,0.0429899369,1,1,0,0,0,1,0,1,0,0,0
37,0.0975935004,0,0,1,1,0,1,1,0,1,0,0
24,0.0302539851,1,1,0,0,1,0,0,0,0,1,0
45,0.0518221487,0,1,1,0,0,1,1,0,1,0,0
40,0.0302539851,1,0,0,0,1,0,1,0,1,0,0
36,0.0154115752,1,0,1,0,0,1,1,0,1,0,0
32,0.0253743101,0.5,1,1,0,0,1,0,0,0,1,0
19,0.0253743101,0.5,0,1,0,0,1,1,0,1,0,0
19,0.0153303774,1,1,0,0,0,1,0,1,0,0,0
3,0.0507486202,0.5,1,0,0.2857142857,0,1,1,0,0,0,0
44,0.0541073981,0,1,1,0.8571428571,0,0,0,0,0,1,0
58,0.2859895552,0,1,1,0.8571428571,0,0,0,1,0,0,0
24,0.0151269926,1,0,1,0,1,0,1,0,1,0,0
42,0.0164039059,1,0,0,0,0,1,1,0,1,0,0
24,0.0151269926,1,1,1,0,1,0,0,1,0,0,0
24,0.0253743101,0.5,0,1,0,0,1,0,1,0,0,0
28,0.0185427651,1,0,1,0,0,1,1,0,1,0,0
24,0.1357525591,1,0,0,0,0,1,1,0,1,0,0
34,0.0126789572,1,0,1,0,0,1,1,0,1,0,0
45.5,0.0141022608,1,0,1,0,0,0,1,0,1,0,0
18,0.0157125536,1,1,1,0,0,1,1,0,1,0,0
2,0.02042144,1,0,0,0.1428571429,0,1,0,1,0,0,0
32,0.0309371396,1,0,0,0,0,1,1,0,1,0,0
26,0.0366707578,1,1,1,0,0,0,1,0,1,0,0
16,0.0151269926,1,1,1,0,1,0,0,1,0,0,0
40,0.0605079703,0,1,1,1,0,0,1,0,1,0,0
24,0.0137606836,1,0,1,0,0,1,1,0,1,0,0
35,0.0409892702,0.5,1,1,0,0,1,0,1,0,0,0
22,0.0141510576,1,0,1,0,0,1,1,0,1,0,0
30,0.0253743101,0.5,0,1,0,0,1,1,0,1,0,0
24,0.0151269926,1,0,0,0,1,0,1,0,1,0,0
31,0.2210980752,0,1,0,0.5714285714,0,0,0,1,0,0,0
27,0.0154685698,1,1,1,0,0,1,0,1,0,0,0
42,0.0527004902,0.5,0,0,0,0,1,1,0,1,0,0
32,0.1489114811,0,1,1,0.5714285714,0,0,0,1,0,0,0
30,0.0204946351,0.5,0,1,0,0,1,1,0,1,0,0
16,0.0157125536,1,1,1,0,0,1,1,0,1,0,0
27,0.0253743101,0.5,0,1,0,0,1,1,0,1,0,0
51,0.0157125536,1,0,1,0,0,1,1,0,1,0,0
24,0.0154115752,1,0,1,0,0,1,1,0,1,0,0
38,0.1756683008,0,1,0,0.7142857143,0,1,1,0,1,0,0
22,0.0182499846,1,0,1,0,0,1,1,0,1,0,0
19,0.0204946351,0.5,1,1,0,0,1,1,0,1,0,0
20.5,0.0141510576,1,0,1,0,0,1,1,0,1,0,0
18,0.0253743101,0.5,0,1,0,0,1,1,0,1,0,0
24,0.0497076879,1,0,0,0,0,1,0,1,0,0,0
35,0.162932349,0,1,0,0.7142857143,0,1,0,0,0,1,0
29,0.0151757893,1,0,1,0,0,1,1,0,1,0,0
59,0.0263502451,0.5,0,1,0,0,1,1,0,1,0,0
5,0.0612643199,1,1,0,0,0,1,0,1,0,0,0
24,0.0204946351,0.5,0,1,0,0,1,1,0,1,0,0
24,0.0147366186,1,0,1,0,0,1,0,1,0,0,0
44,0.0507486202,0.5,0,0,0,0,1,1,0,1,0,0
8,0.0512365877,0.5,1,0,0,0,1,0,1,0,0,0
19,0.0204946351,0.5,0,1,0,0,1,1,0,1,0,0
33,0.0239592044,0.5,0,1,0,0,1,1,0,1,0,0
24,0.0282127195,1,0,0,0,0,0,0,1,0,0,0
24,0.0302539851,1,1,0,0,1,0,0,1,0,0,0
29,0.0204946351,0.5,0,1,0,0,1,1,0,1,0,0
22,0.0139070738,1,0,1,0,0,1,1,0,1,0,0
30,0.0141022608,1,0,1,0,0,0,1,0,1,0,0
44,0.1756683008,0,0,0,0.7142857143,1,0,1,0,0,0,1
25,0.0151757893,1,0,1,0,0,1,0,1,0,0,0
24,0.0283021151,0.5,1,0,0,0,1,0,0,0,1,0
37,0.1025789668,0,1,0,0.5714285714,0,1,1,0,1,0,0
54,0.0507486202,0.5,0,0,0,0,1,1,0,0,0,1
24,0.0141510576,1,0,1,0,0,1,1,0,1,0,0
29,0.02042144,1,0,0,0.1428571429,0,1,0,0,0,1,0
62,0.0518221487,0,0,1,0.7142857143,0,1,1,0,1,0,0
30,0.0314251071,1,0,0,0,0,1,1,0,1,0,0
41,0.0394521725,1,0,0,0,0,1,0,0,0,1,0
29,0.0297578198,1,1,0,0,0,0,0,0,0,1,0
37,0.1545881047,0,1,1,0,0,0,0,0,0,1,0
30,0.1688367557,0,1,1,0.8571428571,0,1,0,1,0,0,0
35,1,0,1,1,0,0,0,0,1,0,0,0
50,0.0507486202,0.5,1,0,0,0,1,0,0,0,1,0
24,0.0151269926,1,0,1,0,1,0,1,0,1,0,0
3,0.0612643199,1,1,0,0,0,1,1,0,0,0,0
52,0.1554664462,0,0,0,0.4285714286,0,1,1,0,1,0,0
40,0,0,0,1,0.8571428571,0,1,1,0,1,0,0
24,0.0151269926,1,0,1,0,1,0,0,1,0,0,0
36,0.0204946351,0.5,0,1,0,0,1,1,0,1,0,0
16,0.077464841,1,0,0,0,0,1,1,0,1,0,0
25,0.0151757893,1,1,0,0,0,1,1,0,1,0,0
58,0.2995388512,0,1,0,0.7142857143,0,1,0,0,0,1,0
35,0.2647385704,0,1,1,0.7142857143,0,1,0,1,0,0,0
37,0.0605079703,0,0,1,0,0,1,1,0,1,0,0
25,0,1,1,1,0,0,1,1,0,1,0,0
41,0.0380614652,0.5,1,0,0,0,1,0,0,0,1,0
37,0.0579705393,0,0,0,0.7142857143,0,0,1,0,1,0,0
24,0.0151269926,1,1,1,0,1,0,0,1,0,0,0
63,0.1521644677,0,1,0,0.5714285714,0,1,0,1,0,0,0
45,0.0151269926,1,0,1,0,0,1,0,1,0,0,0
29,0,0.5,0,1,0,0,1,1,0,1,0,0
7,0.056848214,1,0,0,0,1,0,1,0,0,0,0
35,0.0395253677,1,1,0,0,0,1,0,0,0,1,0
65,0.0151269926,1,0,1,0,1,0,1,0,1,0,0
28,0.0153303774,1,0,1,0,0,1,1,0,1,0,0
16,0.0185427651,1,0,1,0,0,1,1,0,1,0,0
19,0.0157125536,1,1,1,0,0,1,1,0,1,0,0
37,0.0507486202,0,0,1,1,0,1,1,0,1,0,0
33,0.0169080739,1,0,1,0,0,0,1,0,1,0,0
30,0.0185427651,1,1,1,0,0,1,1,0,1,0,0
22,0.0154115752,1,0,1,0,0,1,1,0,1,0,0
42,0.0253743101,0.5,1,1,0,0,1,1,0,1,0,0
22,0.0151269926,1,1,1,0,1,0,0,1,0,0,0
26,0.1539049502,0,1,1,0,0,1,0,1,0,0,0
19,0.1777747589,0,1,0,0.8571428571,0,0,0,0,0,1,0
36,0.0251303264,0.5,0,1,0.5714285714,0,0,1,0,1,0,0
24,0.0172740496,1,0,1,0,0,1,0,1,0,0,0
24,0.0154115752,1,0,1,0,0,1,1,0,1,0,0
37,0.0541073981,0,0,1,0,0,0,1,0,1,0,0
23.5,0.0141104587,1,0,1,0,0,0,1,0,1,0,0
2,0.2958058998,0,0,0,0.7142857143,0,1,0,1,0,0,0
37,0.0595320353,0,1,1,0.7142857143,0,1,1,0,1,0,0
50,0.483128426,0,1,0,0.8571428571,0,0,0,0,0,1,0
24,0.0151269926,1,1,1,0,1,0,0,1,0,0,0
24,0.0453809777,1,1,0,0,1,0,1,0,1,0,0
19,0,1,0,1,0,0,1,1,0,1,0,0
29,0.0241055946,0.5,1,1,0.4285714286,1,0,0,1,0,0,0
24,0.0157125536,1,0,1,0,0,1,1,0,1,0,0
0.92,0.2958058998,0,1,0,0.7142857143,0,1,1,0,0,0,0
37,0.2164297877,0,1,1,0,0,0,0,1,0,0,0
17,0.2125586439,0,1,0,0.7142857143,0,0,0,0,0,1,0
30,0.0468448802,0.5,0,0,0,0,0,1,0,1,0,0
30,0.1111183981,0,1,1,0.4285714286,0,0,0,1,0,0,0
24,0.1623141917,0,1,1,0.7142857143,0,0,0,1,0,0,0
18,0.5121218935,0,1,0,0.8571428571,0,0,0,1,0,0,0
26,0.0507486202,0.5,0,0,0,0,1,0,0,0,1,0
28,0.0154115752,1,0,1,0,0,1,1,0,1,0,0
43,0.0512365877,0.5,0,0,0,0,1,1,0,1,0,0
26,0.0153303774,1,1,1,0,0,1,0,1,0,0,0
24,0.0507486202,0.5,1,0,0,0,1,0,0,0,1,0
54,0.0273261801,0.5,0,1,0,0,1,1,0,0,0,1
31,0.3217983671,0,1,0,0.7142857143,0,1,0,1,0,0,0
40,0.2625265162,0,1,0,0.4285714286,0,0,0,0,0,1,0
22,0.0141510576,1,0,1,0,0,1,1,0,1,0,0
27,0.0154115752,1,0,1,0,0,1,1,0,1,0,0
30,0.0241055946,0.5,1,1,0,1,0,0,1,0,0,0
22,0.0566042302,0.5,1,0,0,0,1,0,0,0,1,0
24,0.1357525591,1,0,0,0,0,1,1,0,1,0,0
36,0.2647385704,0,1,1,0.7142857143,0,0,0,1,0,0,0
61,0.0121747892,1,0,1,0,0,1,1,0,1,0,0
36,0.0253743101,0.5,1,1,0.5714285714,0,1,0,0,0,1,0
31,0.0400621319,1,1,0,0,0,1,0,0,0,1,0
16,0.1131678616,0,1,0,0.8571428571,0,0,0,1,0,0,0
24,0.0453809777,1,1,0,0,1,0,0,1,0,0,0
45.5,0.0556282952,0,0,1,0.7142857143,0,1,1,0,1,0,0
38,0.2995388512,0,0,0,0.7142857143,0,1,1,0,1,0,0
16,0.0351336602,1,0,0,0,0,1,1,0,1,0,0
37,0.2608674266,0,1,0,0,0,1,0,0,0,1,0
24,0.0154115752,1,0,1,0,0,1,1,0,1,0,0
29,0.1299945426,0,0,0,0.7142857143,0,1,1,0,1,0,0
41,0.2625265162,0,1,1,0.4285714286,0,0,0,1,0,0,0
45,0.0157125536,1,1,1,0,0,1,1,0,1,0,0
45,0.0692913853,0,0,1,0,0,1,1,0,1,0,0
2,0.0507486202,0.5,1,0,0.2857142857,0,1,1,0,0,0,0
24,0.5133418123,0,1,0,0.7142857143,0,1,0,1,0,0,0
28,0.0253743101,0.5,0,1,0,0,1,1,0,1,0,0
25,0.0253743101,0.5,0,1,0,0,1,1,0,1,0,0
36,0.0253743101,0.5,0,1,0,0,1,1,0,1,0,0
24,0.0253743101,0.5,1,1,0.2857142857,0,1,0,1,0,0,0
40,0.0253743101,0.5,1,1,0,0,1,0,1,0,0,0
24,0.0314251071,1,1,0,0,0,1,0,0,0,1,0
3,0.0310347331,1,1,0,0,0,1,1,0,0,0,0
42,0.0169080739,1,0,1,0,0,1,1,0,1,0,0
23,0.0180060008,1,0,1,0,0,1,1,0,1,0,0
37,0.0683154503,0,0,1,0.7142857143,0,1,1,0,1,0,0
15,0.0141104587,1,0,0,0,0,0,1,0,1,0,0
25,0.0347432862,1,0,0,0,0,1,1,0,1,0,0
24,0.0141022608,1,0,1,0,0,0,1,0,1,0,0
28,0.0185427651,1,0,1,0,0,1,1,0,1,0,0
22,0.1073528505,0,1,0,0.4285714286,0,1,0,1,0,0,0
38,0.0253743101,0.5,0,1,0,0,1,0,1,0,0,0
24,0.0153791742,1,1,1,0,1,0,0,1,0,0,0
24,0.0153791742,1,1,1,0,1,0,0,1,0,0,0
40,0.0544571732,1,0,0,0,0,1,1,0,1,0,0
29,0.0541073981,0.5,0,0,0,0,0,1,0,1,0,0
45,0.0282127195,1,0,0,0,0,0,0,0,0,1,0
35,0.0137606836,1,0,1,0,0,1,1,0,1,0,0
24,0.0302539851,1,0,0,0,1,0,1,0,1,0,0
30,0.0141510576,1,0,1,0,0,1,1,0,1,0,0
60,0.1468782181,0,1,0,0.5714285714,0,0,0,0,0,1,0
24,0.0141104587,1,1,1,0,0,0,0,0,0,1,0
24,0.0151269926,1,1,1,0,1,0,0,1,0,0,0
24,0.1352645916,0,1,1,0.8571428571,0,0,0,0,0,1,0
25,0.1082149915,0,1,0,0.4285714286,0,0,1,0,1,0,0
18,0.0126789572,1,0,0,0,0,1,1,0,1,0,0
19,0.0157125536,1,0,1,0,0,1,1,0,1,0,0
22,0.2647385704,0,0,1,0,0,0,1,0,1,0,0
3,0.0411356604,1,0,0,0,0,1,0,1,0,0,0
37,0.1603867201,0,1,0,0,0,0,0,0,0,1,0
22,0.0141510576,1,1,1,0,0,1,0,1,0,0,0
27,0.4128205068,0,0,0,0.7142857143,0,0,1,0,1,0,0
20,0.0078318784,1,0,1,0,0,0,1,0,1,0,0
19,0.0151757893,1,0,1,0,0,1,1,0,1,0,0
42,0.4440992237,0,1,1,0,0,0,0,1,0,0,0
1,0.0307257521,1,1,0,0,0,0,0,1,0,0,0
32,0.0154685698,1,0,1,0,0,1,1,0,1,0,0
35,0.1014972404,0,1,0,0,0,1,0,0,0,1,0
24,0.0154115752,1,0,1,0,0,1,1,0,1,0,0
18,0.1434624456,0.5,0,1,0,0,1,1,0,1,0,0
1,0.0915427034,1,0,0,0,0,1,1,0,0,0,0
36,0.0253743101,0.5,1,1,0,0,1,0,1,0,0,0
24,0.0150863937,1,0,1,0,1,0,1,0,1,0,0
17,0.0234224401,0.5,1,1,0,0,0,0,1,0,0,0
36,0.234224401,0,1,0,0.8571428571,0,1,1,0,1,0,0
21,0.0152163882,1,1,1,0,0,1,1,0,1,0,0
28,0.0154685698,1,0,0,0,0,1,1,0,1,0,0
23,0.2210980752,0,1,0,0.5714285714,0,0,0,1,0,0,0
24,0.0325962291,1,1,0,0.1428571429,0,1,0,0,0,1,0
22,0.0152163882,1,0,1,0,0,1,1,0,1,0,0
31,0.0153303774,1,0,1,0,0,1,0,1,0,0,0
46,0.0507486202,0.5,0,1,0,0,1,1,0,1,0,0
23,0.0204946351,0.5,0,1,0,0,1,1,0,0,0,1
28,0.0246911556,0.5,1,1,0,0,1,0,0,0,1,0
39,0.0154685698,1,1,1,0,0,1,1,0,1,0,0
26,0.0157125536,1,0,1,0,0,1,1,0,1,0,0
21,0.0191771228,1,0,0,0,0,1,0,1,0,0,0
28,0.0309371396,1,0,0,0,0,1,1,0,1,0,0
20,0.0169080739,1,0,1,0,0,1,0,1,0,0,0
34,0.0409892702,0.5,0,0,0,0,1,1,0,1,0,0
51,0.0151269926,1,0,1,0,0,1,1,0,1,0,0
3,0.0365975627,0.5,1,0,0,0,1,1,0,0,0,0
21,0.0151757893,1,0,1,0,0,1,1,0,1,0,0
24,0.0497076879,1,0,0,0,0,1,0,1,0,0,0
24,0.0154115752,1,0,1,0,0,1,1,0,1,0,0
24,0.0133865101,1,0,1,0,1,0,1,0,1,0,0
33,0.1756683008,0,1,0,0.7142857143,1,0,0,1,0,0,0
29,0,0.5,0,1,0,0,1,1,0,1,0,0
44,0.0154685698,1,1,1,0,0,1,1,0,1,0,0
24,0.0157125536,1,0,1,0,0,1,0,0,0,1,0
34,0.0634357753,0.5,1,0,0,0,1,0,0,0,1,0
18,0.0253743101,0.5,1,0,0,0,1,0,1,0,0,0
30,0.0253743101,0.5,0,1,0,0,1,1,0,1,0,0
10,0.0471376607,1,0,0,0,0,1,0,1,0,0,0
24,0.0154115752,1,0,1,0,0,0,1,0,1,0,0
21,0.0150943963,1,0,1,0,1,0,1,0,1,0,0
29,0.0153709763,1,0,1,0,0,1,1,0,1,0,0
28,0.0281069281,1,0,0,0,0,1,0,0,0,1,0
18,0.0394521725,1,0,0,0,0,1,1,0,1,0,0
24,0.0141510576,1,0,1,0,0,1,1,0,1,0,0
28,0.0507486202,0.5,1,0,0,0,1,0,0,0,1,0
19,0.0507486202,0.5,1,1,0,0,1,0,1,0,0,0
24,0.0151269926,1,0,1,0,1,0,1,0,1,0,0
32,0.0157125536,1,1,1,0.4285714286,0,1,1,0,1,0,0
28,0.0518221487,0,1,1,0.7142857143,0,1,1,0,1,0,0
24,0.0314251071,1,1,0,0,0,1,0,0,0,1,0
42,0.0507486202,0.5,1,0,0,0,1,0,0,0,1,0
17,0.0139070738,1,0,1,0,0,1,1,0,1,0,0
50,0.1091095335,0,0,0,0.4285714286,0,1,1,0,1,0,0
14,0.234224401,0,1,0,0.8571428571,0,1,0,1,0,0,0
21,0.0670955315,1,0,0,0,0,1,0,1,0,0,0
24,0.0365975627,0.5,1,0,0,0,1,0,0,0,1,0
64,0.5133418123,0,0,0,0.7142857143,0,1,1,0,1,0,0
31,0.0204946351,0.5,0,1,0,0,1,1,0,1,0,0
45,0.0512365877,0.5,1,0,0,0,1,0,0,0,1,0
20,0.0185427651,1,0,1,0,0,1,1,0,1,0,0
25,0.0151757893,1,0,0,0,0,1,1,0,1,0,0
28,0.0253743101,0.5,1,1,0,0,1,0,1,0,0,0
24,0.0158345454,1,1,1,0,0,1,1,0,1,0,0
4,0.1597767607,0,1,0,1,0,1,1,0,0,0,0
13,0.0380614652,0.5,1,0,0,0,1,0,1,0,0,0
34,0.0518221487,0,1,1,0,0,1,1,0,1,0,0
5,0.0375896982,1,1,0,0,0,0,0,1,0,0,0
52,0.0595320353,0,1,1,0.7142857143,0,1,1,0,0,0,1
36,0.0541643927,0.5,0,0,0,0,1,1,0,1,0,0
24,0.0389724029,1,0,0,0,0,1,1,0,1,0,0
30,0.0541643927,0,0,1,0.7142857143,0,0,1,0,1,0,0
49,0.1739198156,0,1,0,0.7142857143,0,0,1,0,1,0,0
24,0.0157125536,1,0,1,0,0,1,1,0,1,0,0
29,0.0154115752,1,1,1,0,0,0,1,0,1,0,0
65,0.0518221487,0,0,1,0.4285714286,0,1,1,0,1,0,0
37,0.1012288583,0,1,0,0.5714285714,0,1,0,0,0,1,0
50,0.0204946351,0.5,1,1,0,0,1,0,1,0,0,0
24,0.0151269926,1,0,1,0,1,0,1,0,1,0,0
48,0.0518221487,0,1,1,0.4285714286,0,1,1,0,1,0,0
34,0.0157125536,1,0,1,0,0,1,1,0,1,0,0
47,0.0751469953,0,0,1,0.4285714286,0,1,1,0,1,0,0
48,0.0253743101,0.5,0,1,0,0,1,1,0,1,0,0
24,0.0157125536,1,0,1,0,0,1,1,0,1,0,0
38,0.0137606836,1,0,1,0,0,1,1,0,1,0,0
29,0,0.5,0,1,0,0,1,1,0,1,0,0
56,0.0518221487,0,0,1,0,0,1,1,0,1,0,0
24,0.0150781958,1,0,1,0,1,0,1,0,1,0,0
0.75,0.0375896982,1,1,0,0,0,0,0,1,0,0,0
24,0.0141510576,1,0,1,0,0,1,1,0,1,0,0
38,0.0169080739,1,0,1,0,0,1,1,0,1,0,0
33,0.0541643927,0.5,1,0,0,0,1,0,0,0,1,0
23,0.0269196056,0.5,1,1,0.5714285714,0,0,0,0,0,1,0
22,0.0192015212,1,0,1,0,0,1,0,1,0,0,0
37,0.1014972404,0,0,1,1,0,1,1,0,1,0,0
34,0.0409892702,0.5,0,0,0,0,1,1,0,1,0,0
29,0.0137524857,1,0,0,0,0,1,1,0,1,0,0
22,0.014679624,1,0,1,0,0,1,1,0,1,0,0
2,0.0239836027,1,1,0,0,0,1,0,1,0,0,0
9,0.0915427034,1,0,0,0,0,1,1,0,0,0,0
29,0,0.5,0,1,0,0,1,1,0,1,0,0
50,0.0157125536,1,0,1,0,0,1,1,0,1,0,0
63,0.0187135537,1,1,1,0,0,1,0,0,0,1,0
25,0.1777747589,0,1,0,0.8571428571,0,0,1,0,1,0,0
24,0.0497076879,1,0,0,0,0,1,0,1,0,0,0
35,0.1756683008,0,1,0,0.7142857143,0,1,0,0,0,1,0
58,0.0579705393,0,0,1,0.8571428571,0,0,1,0,1,0,0
30,0.0157125536,1,0,1,0,0,1,1,0,1,0,0
9,0.0310347331,1,1,0,0,0,1,1,0,0,0,0
24,0.0389724029,1,0,0,0,0,1,1,0,1,0,0
21,0.0141510576,1,0,1,0,0,1,1,0,1,0,0
55,0.0595320353,0,0,1,0.7142857143,0,1,1,0,1,0,0
71,0.0966257633,0,0,1,0,0,0,1,0,1,0,0
21,0.0157125536,1,0,1,0,0,1,1,0,1,0,0
24,0.0282207221,1,0,1,0,0,0,1,0,1,0,0
54,0.1527664244,0,1,0,0.5714285714,0,0,0,1,0,0,0
24,0.0294732371,1,0,1,0,0,1,1,0,1,0,0
25,0.2958058998,0,0,0,0.7142857143,0,1,0,0,0,1,0
24,0.0152163882,1,0,1,0,0,1,1,0,1,0,0
17,0.0169080739,1,0,1,0,0,1,1,0,1,0,0
21,0.0151269926,1,0,1,0,1,0,0,1,0,0,0
24,0.0148912067,1,0,1,0,1,0,0,1,0,0,0
37,0.0187135537,1,0,1,0,0,1,0,1,0,0,0
16,0.1688367557,0,1,1,0.8571428571,0,1,0,1,0,0,0
18,0.2125586439,0,0,0,0.7142857143,0,0,1,0,1,0,0
33,0.0507486202,0.5,1,0,0,0,1,0,0,0,1,0
37,0.0518221487,0,1,1,0,0,1,1,0,1,0,0
28,0.0439658719,1,0,1,0,0,1,1,0,1,0,0
26,0.1102724576,1,1,1,0,0,1,1,0,1,0,0
29,0.0151269926,1,1,1,0,1,0,1,0,1,0,0
24,0.0157125536,1,0,1,0,0,1,1,0,1,0,0
36,0.0513097829,0,1,1,0.4285714286,0,1,1,0,1,0,0
54,0.1159410785,0,1,0,0,0,0,0,0,0,1,0
24,0.0146308272,1,0,1,0,0,1,1,0,1,0,0
47,0.0664041792,0,0,1,0.5714285714,0,1,1,0,1,0,0
34,0.0204946351,0.5,1,1,0.2857142857,0,1,0,0,0,1,0
24,0.0471376607,1,0,1,0,1,0,1,0,1,0,0
36,0.0507486202,0.5,1,0,0,0,1,0,0,0,1,0
32,0.0154115752,1,0,1,0,0,1,1,0,1,0,0
30,0.1824998458,0,1,1,0.8571428571,0,1,0,1,0,0,0
22,0.0154115752,1,0,1,0,0,1,1,0,1,0,0
24,0.0141022608,1,0,1,0,0,0,1,0,1,0,0
44,0.1131678616,0,1,0,0.8571428571,0,0,0,0,0,1,0
24,0.0141104587,1,0,1,0,0,0,1,0,1,0,0
40.5,0.0151269926,1,0,1,0,1,0,1,0,1,0,0
50,0.0204946351,0.5,1,1,0,0,1,0,1,0,0,0
37,0.432884169,0,0,1,0.7142857143,0,1,1,0,1,0,0
39,0.0154685698,1,0,1,0,0,1,1,0,1,0,0
23,0.0224465051,0.5,0,0,0,0,1,1,0,1,0,0
2,0.0507486202,0.5,1,0,0,0,1,0,1,0,0,0
24,0.0141104587,1,0,1,0,0,0,1,0,1,0,0
17,0.0141104587,1,0,0,0,0,0,1,0,1,0,0
24,0.0436404952,1,1,0,0,0,0,0,0,0,1,0
30,0.0169080739,1,0,1,0,0,1,0,1,0,0,0
7,0.0512365877,0.5,1,0,0,0,1,0,1,0,0,0
45,0.0518221487,0,0,1,0.8571428571,0,1,1,0,0,0,1
30,0.2077277657,0,1,1,0,0,0,0,1,0,0,0
24,0.0283021151,1,0,1,0,0,1,1,0,1,0,0
22,0.0966175654,0,1,0,0.8571428571,0,0,0,1,0,0,0
36,0.1385827706,0,1,0,0.8571428571,0,1,0,1,0,0,0
9,0.0610447345,1,0,0,0,0,1,0,1,0,0,0
11,0.0610447345,1,0,0,0,0,1,0,1,0,0,0
32,0.0507486202,0.5,1,0,0,0,1,1,0,1,0,0
50,0.2077277657,0,0,0,0.7142857143,0,0,1,0,1,0,0
64,0.0507486202,0,0,1,0,0,1,1,0,1,0,0
19,0.0507486202,0.5,1,0,0,0,1,0,0,0,1,0
29,0.027057798,0.5,1,1,0,0,0,1,0,1,0,0
33,0.0400621319,1,0,0,0,0,1,1,0,1,0,0
8,0.0717312228,0.5,1,0,0,0,1,1,0,0,0,0
17,0.2164297877,0,1,0,0.7142857143,0,0,1,0,1,0,0
27,0.0507486202,0.5,0,1,0,0,1,1,0,1,0,0
24,0.0152815807,1,0,1,0,1,0,1,0,1,0,0
22,0.0141022608,1,1,1,0,0,0,1,0,1,0,0
22,0.0151757893,1,1,1,0,0,1,0,1,0,0,0
62,0.0518221487,0,0,1,0,0,1,1,0,1,0,0
48,0.0772940523,0,1,0,1,0,0,0,0,0,0,1
37,0.4440992237,0,0,1,0,0,0,1,0,1,0,0
39,0.1554664462,0,1,0,0.4285714286,0,1,0,0,0,1,0
36,0.0339625381,1,1,0,0,0,1,0,0,0,1,0
24,0.0151269926,1,0,1,0,1,0,1,0,1,0,0
40,0.0154115752,1,0,1,0,0,1,1,0,1,0,0
28,0.0263502451,0.5,0,1,0,0,1,1,0,1,0,0
24,0.0157125536,1,0,1,0,0,1,1,0,1,0,0
24,0.0157125536,1,0,1,0,0,1,0,1,0,0,0
24,0.0471376607,1,0,0,0,0,1,1,0,1,0,0
19,0.0154115752,1,0,1,0,0,1,1,0,1,0,0
29,0.0411356604,1,0,0,0,0,1,0,0,0,1,0
24,0.0141104587,1,0,1,0,0,0,1,0,1,0,0
32,0.0153303774,1,1,1,0,0,1,1,0,1,0,0
62,0.0204946351,0.5,1,1,0,0,1,1,0,1,0,0
53,0.1004807065,0,1,0,0.7142857143,0,1,0,0,0,1,0
36,0.0515049699,0,1,1,0.4285714286,0,1,1,0,1,0,0
24,0.0151269926,1,1,1,0,1,0,0,1,0,0,0
16,0.0157125536,1,0,1,0,0,1,1,0,1,0,0
19,0.0283021151,1,0,1,0,0,1,1,0,1,0,0
34,0.0253743101,0.5,1,1,0,0,1,0,1,0,0,0
39,0.1091095335,0,1,0,0.4285714286,0,1,0,0,0,1,0
24,0.0282207221,1,0,0,0,0,0,0,0,0,1,0
32,0.0154685698,1,1,1,0,0,1,1,0,1,0,0
25,0.0585561003,0.5,1,0,0,0,1,0,1,0,0,0
39,0.2164297877,0,1,0,0.7142857143,0,0,0,0,0,1,0
54,0.0507486202,0.5,0,1,0,0,1,1,0,1,0,0
36,0.0783187841,0,0,1,1,0,0,1,0,1,0,0
24,0.0170056674,1,0,1,0,0,0,1,0,1,0,0
18,0.1554664462,0,1,0,0.4285714286,0,1,0,1,0,0,0
47,0.0292780501,0.5,0,1,0,0,1,1,0,1,0,0
60,0.1545881047,0,1,0,0.8571428571,0,0,1,0,1,0,0
22,0.0157125536,1,0,1,0,0,1,1,0,1,0,0
24,0.0157125536,1,0,1,0,0,1,1,0,1,0,0
35,0.0139070738,1,0,1,0,0,1,1,0,1,0,0
52,0.1527664244,0,1,0,0.5714285714,0,0,0,0,0,1,0
47,0.0141510576,1,0,1,0,0,1,1,0,1,0,0
24,0.0151269926,1,0,0,0,1,0,0,1,0,0,0
37,0.0507486202,0.5,0,0,0,0,1,1,0,1,0,0
36,0.0471376607,1,0,0,0,0,1,1,0,1,0,0
29,0.0644117103,0.5,1,1,0,0,1,0,1,0,0,0
49,0,1,0,1,0,0,1,1,0,1,0,0
24,0.0141022608,1,0,1,0,0,0,1,0,1,0,0
49,0.1111183981,0,1,0,1,0,0,1,0,0,0,1
24,0.0527004902,0.5,1,0,0,0,1,0,0,0,1,0
24,0.0154115752,1,0,1,0,0,1,1,0,1,0,0
37,0.0827592884,0,0,1,0,0,1,1,0,1,0,0
44,0.0157125536,1,0,1,0,0,1,1,0,1,0,0
35,0.0518221487,0,1,1,0,0,0,1,0,1,0,0
36,0.0303515786,1,0,0,0,0,1,1,0,1,0,0
30,0.0154115752,1,0,1,0,0,1,1,0,1,0,0
27,0.0595320353,0,1,1,0,0,1,1,0,1,0,0
22,0.0811571935,0.5,1,0,0,0,0,0,0,0,1,0
40,0.2995388512,0,1,1,0.7142857143,0,1,0,1,0,0,0
39,0.0610447345,1,0,0,0,0,1,0,0,0,1,0
24,0.0137606836,1,0,1,0,0,1,1,0,1,0,0
24,0.0302539851,1,1,0,0,1,0,0,1,0,0,0
24,0.0151269926,1,0,1,0,1,0,1,0,1,0,0
35,0.0157125536,1,0,1,0,0,1,1,0,1,0,0
24,0.1268715506,0.5,1,0,0,0,1,0,1,0,0,0
34,0.0281069281,1,0,0,0,0,1,1,0,1,0,0
26,0.0314251071,1,0,0,0,0,1,0,0,0,1,0
4,0.0761229303,0.5,1,0,0.2857142857,0,1,0,1,0,0,0
26,0.0204946351,0.5,0,1,0,0,1,1,0,1,0,0
27,0.0282127195,1,0,0,0,0,0,1,0,1,0,0
42,0.1025789668,0,1,0,0.5714285714,0,1,1,0,1,0,0
20,0.0307257521,1,1,0,0,0,0,1,0,1,0,0
21,0.0153303774,1,0,1,0,0,1,1,0,1,0,0
21,0.0314251071,1,0,1,0,0,1,1,0,1,0,0
61,0.0630860002,0,0,1,0.5714285714,0,1,1,0,1,0,0
57,0.0241055946,0.5,0,1,0,1,0,1,0,0,0,1
21,0.1521644677,0,1,1,0.5714285714,0,1,0,1,0,0,0
26,0.0154115752,1,0,1,0,0,1,1,0,1,0,0
24,0.0150943963,1,0,1,0,1,0,1,0,1,0,0
80,0.0585561003,0,1,1,1,0,1,1,0,1,0,0
51,0.0137688814,1,0,1,0,0,1,1,0,1,0,0
32,0.0595320353,0,1,1,0.8571428571,0,0,1,0,0,0,1
37,0,0,0,1,0,0,1,1,0,1,0,0
9,0.0544571732,1,0,0,0,0,1,0,1,0,0,0
28,0.0253743101,0.5,1,1,0,0,1,0,1,0,0,0
32,0.0154685698,1,0,1,0,0,1,1,0,1,0,0
31,0.0512365877,0.5,0,0,0,0,1,1,0,1,0,0
41,0.077464841,1,0,0,0,0,1,0,0,0,1,0
24,0.0314251071,1,0,0,0,0,1,1,0,1,0,0
20,0.0153303774,1,0,1,0,0,1,1,0,1,0,0
24,0.1352645916,0,1,1,0.8571428571,0,0,0,1,0,0,0
2,0.0544571732,1,0,0,0,0,1,0,1,0,0,0
24,0.1102724576,1,1,1,0,0,1,1,0,1,0,0
0.75,0.0375896982,1,1,0,0,0,0,0,1,0,0,0
48,0.1497654243,0,1,0,0.5714285714,0,0,1,0,1,0,0
19,0.0154115752,1,0,1,0,0,1,1,0,1,0,0
56,0.0692913853,0,1,1,1,0,0,1,0,0,0,1
24,0.0147366186,1,0,1,0,0,1,1,0,1,0,0
23,0.0147366186,1,1,1,0,0,1,0,1,0,0,0
24,0.0154115752,1,0,1,0,0,1,1,0,1,0,0
18,0.0448930102,0.5,1,0,0,0,1,0,1,0,0,0
21,0.0164607053,1,0,1,0,0,1,1,0,1,0,0
24,0.0152815807,1,1,1,0,1,0,0,1,0,0,0
18,0.0131751226,1,0,1,0,1,0,0,1,0,0,0
24,0.1434624456,0.5,0,0,0,0,1,1,0,1,0,0
24,0.0154115752,1,0,1,0,0,1,1,0,1,0,0
32,0.0302539851,1,0,0,0,1,0,0,0,0,1,0
23,0.0253743101,0.5,0,1,0,0,1,1,0,1,0,0
58,0.2210980752,0,0,0,0.5714285714,0,0,1,0,1,0,0
50,0.2608674266,0,1,0,0,0,1,1,0,0,0,1
40,0.0141022608,1,0,1,0,0,0,1,0,1,0,0
47,0.0499434738,0,0,1,0.4285714286,0,1,1,0,1,0,0
36,0.0146308272,1,0,1,0,0,1,1,0,1,0,0
20,0.0154685698,1,1,0,0,0,1,1,0,1,0,0
32,0.1434624456,0.5,0,0,0,0,1,1,0,1,0,0
25,0.0253743101,0.5,0,1,0,0,1,1,0,1,0,0
24,0.0151757893,1,0,1,0,0,1,1,0,1,0,0
43,0.0157125536,1,0,1,0,0,1,1,0,1,0,0
37,0.1014972404,0,1,0,0.7142857143,0,1,0,0,0,1,0
40,0.0761229303,0.5,1,0,0,0,1,0,0,0,1,0
31,0.1014972404,0,0,0,0.8571428571,0,1,1,0,1,0,0
70,0.0204946351,0.5,0,1,0,0,1,1,0,1,0,0
31,0.0253743101,0.5,1,1,0,0,1,1,0,1,0,0
29,0,0.5,0,1,0,0,1,1,0,1,0,0
18,0.0151757893,1,0,1,0,0,1,1,0,1,0,0
24.5,0.0157125536,1,0,1,0,0,1,1,0,1,0,0
18,0.0192097191,1,1,1,0,0,1,0,1,0,0,0
43,0.0915427034,1,0,0,0,0,1,0,0,0,1,0
36,1,0,1,0,0.8571428571,0,0,1,0,1,0,0
24,0.0158833422,1,0,1,0,1,0,0,1,0,0,0
27,0.1497654243,0,1,1,0.5714285714,0,0,1,0,1,0,0
20,0.0180060008,1,0,1,0,0,1,1,0,1,0,0
14,0.0915427034,1,0,0,0,0,1,1,0,1,0,0
60,0.0761229303,0.5,0,0,0,0,1,1,0,1,0,0
25,0.0811571935,0.5,0,0,0,0,0,1,0,1,0,0
14,0.077464841,1,0,0,0,0,1,1,0,1,0,0
19,0.0198520795,1,0,1,0,0,1,1,0,1,0,0
18,0.0152163882,1,0,1,0,0,1,1,0,1,0,0
15,0.4125033279,0,1,0,0.8571428571,0,1,0,1,0,0,0
31,0.1112565905,0,1,0,0.8571428571,0,1,1,0,1,0,0
4,0.0261876543,1,1,0,0,0,0,0,1,0,0,0
24,0.1102724576,1,1,1,0,0,1,1,0,1,0,0
25,0.0141022608,1,0,1,0,0,0,1,0,1,0,0
60,0.0518221487,0,0,1,0,0,1,1,0,0,0,1
52,0.0263502451,0.5,0,1,0,0,1,1,0,1,0,0
44,0.0157125536,1,0,1,0,0,1,1,0,1,0,0
24,0.0150943963,1,1,1,0,1,0,0,1,0,0,0
49,0.2164297877,0,0,0,0.7142857143,0,0,1,0,1,0,0
42,0.0149318056,1,0,1,0.2857142857,0,1,1,0,1,0,0
18,0.4440992237,0,1,0,0.7142857143,0,0,0,0,0,1,0
35,0.0513097829,0,1,1,0.4285714286,0,1,1,0,1,0,0
18,0.0282127195,1,0,0,0,0,0,0,1,0,0,0
25,0.015110792,1,0,1,0,1,0,1,0,1,0,0
26,0.0153303774,1,0,0,0,0,1,1,0,1,0,0
39,0.0507486202,0.5,0,1,0,0,1,1,0,1,0,0
45,0.0263502451,0.5,1,1,0,0,1,0,0,0,1,0
42,0.0513097829,0,1,1,0.4285714286,0,1,1,0,1,0,0
22,0.2958058998,0,1,1,0,0,1,0,1,0,0,0
24,0.0297578198,1,1,0,0,0,0,1,0,0,0,0
24,0.0966257633,0,1,1,0.7142857143,0,0,0,1,0,0,0
37,0.0518221487,0,0,1,0.7142857143,0,1,1,0,1,0,0
48,0.1014972404,0,1,0,0.7142857143,0,1,1,0,1,0,0
29,0.0185101689,1,0,1,0,0,1,1,0,1,0,0
52,0.0253743101,0.5,0,1,0,0,1,1,0,1,0,0
19,0.0149318056,1,0,1,0.2857142857,0,1,1,0,1,0,0
38,0.4440992237,0,1,1,0.7142857143,0,0,0,1,0,0,0
27,0.0204946351,0.5,1,1,0.4285714286,0,1,0,1,0,0,0
24,0.0302539851,1,0,1,0,1,0,1,0,1,0,0
33,0.0151757893,1,0,1,0,0,1,1,0,1,0,0
6,0.0644117103,0.5,1,0,0,0,1,0,1,0,0,0
17,0.0137688814,1,0,0,0,0,1,1,0,1,0,0
34,0.0253743101,0.5,0,1,0,0,1,1,0,1,0,0
50,0.0253743101,0.5,0,1,0,0,1,1,0,1,0,0
27,0.1036442975,0,1,0,0.4285714286,0,1,1,0,1,0,0
20,0.0169080739,1,0,1,0,0,1,1,0,1,0,0
30,0.0409892702,0.5,1,0,0,0,1,0,0,0,1,0
24,0.0151025942,1,1,1,0,1,0,0,1,0,0,0
25,0.0507486202,0.5,0,0,0,0,1,1,0,1,0,0
25,0.0154685698,1,0,0,0,0,1,0,1,0,0,0
29,0.4125033279,0,1,1,0.8571428571,0,1,0,1,0,0,0
11,0.0366707578,1,0,1,0,0,0,1,0,1,0,0
29,0,0.5,0,1,0,0,1,1,0,1,0,0
23,0.0253743101,0.5,0,1,0,0,1,1,0,1,0,0
23,0.0253743101,0.5,0,1,0,0,1,1,0,1,0,0
28.5,0.0314251071,1,0,1,0,0,1,1,0,1,0,0
48,0.0670955315,1,0,0,0,0,1,0,0,0,1,0
35,1,0,1,1,0.8571428571,0,0,1,0,1,0,0
24,0.0154115752,1,0,1,0,0,1,1,0,1,0,0
24,0.0154115752,1,0,1,0,0,1,1,0,1,0,0
37,0.0585561003,0,1,1,0.5714285714,0,1,1,0,1,0,0
36,0.1539049502,0,0,0,0.7142857143,0,1,1,0,1,0,0
21,0.5121218935,0,1,0,0.8571428571,0,0,0,1,0,0,0
24,0.0314251071,1,0,0,0,0,1,1,0,1,0,0
31,0.0154685698,1,1,1,0,0,1,1,0,1,0,0
70,0.1385827706,0,0,0,0.8571428571,0,1,1,0,0,0,1
16,0.0395253677,1,0,0,0,0,1,1,0,1,0,0
30,0.0253743101,0.5,1,1,0,0,1,0,1,0,0,0
19,0.1036442975,0,0,0,0.5714285714,0,1,1,0,1,0,0
31,0.0151269926,1,0,1,0,1,0,1,0,1,0,0
4,0.0448930102,0.5,1,0,0,0,1,0,1,0,0,0
6,0.0243495784,1,1,0,0.4285714286,0,1,1,0,0,0,0
33,0.0185427651,1,0,1,0,0,1,1,0,1,0,0
23,0.0154115752,1,0,1,0,0,1,1,0,1,0,0
48,0.1268715506,0.5,1,0,0,0,1,0,0,0,1,0
0.67,0.0283021151,0.5,1,0,0,0,1,1,0,0,0,0
28,0.0152163882,1,0,1,0,0,1,1,0,1,0,0
18,0.0224465051,0.5,0,1,0,0,1,1,0,1,0,0
34,0.0157125536,1,0,1,0,0,1,1,0,1,0,0
33,0.1688367557,0,1,1,0.8571428571,0,1,0,0,0,0,1
24,0.0283021151,1,0,1,0,0,1,1,0,1,0,0
41,0.0139070738,1,0,1,0,0,1,1,0,1,0,0
20,0.0141104587,1,1,1,0,0,0,1,0,1,0,0
36,0.234224401,0,1,0,0.8571428571,0,1,0,0,0,1,0
16,0.0151757893,1,0,1,0,0,1,1,0,1,0,0
51,0.1521644677,0,1,0,0.5714285714,0,1,0,0,0,1,0
37,0.0772940523,0,0,1,0,0,0,1,0,0,0,1
30.5,0.0151269926,1,0,1,0,1,0,0,1,0,0,0
24,0.0471376607,1,0,0,0,1,0,1,0,1,0,0
32,0.0163225129,1,0,1,0,0,1,1,0,1,0,0
24,0.0185427651,1,0,1,0,0,1,1,0,1,0,0
48,0.0153303774,1,0,1,0,0,1,1,0,1,0,0
57,0.0204946351,0.5,0,1,0.4285714286,0,1,0,0,0,1,0
24,0.0141022608,1,0,1,0,0,0,1,0,1,0,0
54,0.0448930102,0.5,1,0,0,0,1,0,0,0,1,0
18,0.0151269926,1,0,1,0,0,1,1,0,1,0,0
24,0.0151269926,1,0,1,0.2857142857,1,0,1,0,1,0,0
5,0.0243495784,1,1,1,0,0,1,0,1,0,0,0
24,0.0151025942,1,0,1,0,1,0,1,0,1,0,0
43,0.4125033279,0,1,0,0.8571428571,0,1,0,0,0,1,0
13,0.0141104587,1,1,1,0,0,0,0,1,0,0,0
17,0.1112565905,0,1,0,0.8571428571,0,1,0,0,0,1,0
29,0.0585561003,0,0,1,0.5714285714,0,1,1,0,1,0,0
24,0.0457713517,1,0,0,0,0,1,1,0,1,0,0
25,0.0137606836,1,0,1,0,0,1,1,0,1,0,0
25,0.0141510576,1,0,1,0,0,1,1,0,1,0,0
18,0.0146308272,1,1,1,0,0,1,0,1,0,0,0
8,0.056848214,1,0,0,0,1,0,1,0,0,0,0
1,0.0401597254,1,1,0,0,0,1,1,0,0,0,0
46,0.1545881047,0,0,1,0.8571428571,0,0,1,0,1,0,0
24,0.0151269926,1,0,1,0,1,0,1,0,1,0,0
16,0.0507486202,0.5,0,1,0,0,1,1,0,1,0,0
24,0.1357525591,1,0,0,0,0,1,0,1,0,0,0
37,0.0599142114,0,0,1,0,0,0,1,0,1,0,0
25,0.0154115752,1,0,1,0,0,1,1,0,1,0,0
39,0.0253743101,0.5,0,1,0,0,1,1,0,1,0,0
49,0.0506104278,0,1,1,0.5714285714,0,1,0,0,0,0,1
31,0.0169486728,1,1,1,0,0,1,0,0,0,1,0
30,0.0141104587,1,0,1,0,0,0,1,0,1,0,0
30,0.0471376607,1,0,0,0,0,1,0,0,0,1,0
34,0.0253743101,0.5,0,1,0,0,1,1,0,1,0,0
31,0.0512365877,0.5,1,0,0,0,1,0,0,0,1,0
11,0.234224401,0,1,0,0.8571428571,0,1,1,0,0,0,0
0.42,0.0166234913,1,1,0,0,0,0,1,0,0,0,0
27,0.0136142933,1,1,1,0,0,1,1,0,1,0,0
31,0.0151757893,1,0,1,0,0,1,1,0,1,0,0
39,0,0,0,1,1,0,1,1,0,1,0,0
18,0.0151757893,1,0,1,0,0,1,0,1,0,0,0
39,0.0253743101,0.5,0,1,0,0,1,1,0,1,0,0
33,0.1036442975,0,1,0,0.4285714286,0,1,0,0,0,1,0
26,0.0153953747,1,0,1,0,0,1,1,0,1,0,0
39,0.0471376607,1,0,1,0,0,1,1,0,1,0,0
35,0.0204946351,0.5,0,1,0,0,1,1,0,1,0,0
6,0.0610447345,1,0,0,0,0,1,0,1,0,0,0
30.5,0.0157125536,1,0,1,0,0,1,1,0,1,0,0
37,0,0,0,1,0.8571428571,0,1,1,0,1,0,0
23,0.0154685698,1,0,1,0,0,1,0,1,0,0,0
31,0.0722273882,0.5,0,0,0,0,0,1,0,1,0,0
43,0.0125895616,1,0,1,0,0,1,1,0,1,0,0
10,0.0544571732,1,0,0,0,0,1,1,0,0,0,0
52,0.1824998458,0,1,0,0.8571428571,0,1,0,0,0,1,0
27,0.0169080739,1,1,1,0,0,1,1,0,1,0,0
38,0,0,0,1,0,0,1,1,0,0,0,1
27,0.0243495784,1,1,0,0.4285714286,0,1,0,0,0,1,0
2,0.077464841,1,0,0,0,0,1,1,0,0,0,0
24,0.0135654966,1,0,1,0,1,0,1,0,1,0,0
24,0.1102724576,1,0,1,0,0,1,1,0,1,0,0
1,0.0722273882,0.5,1,0,0,0,0,1,0,0,0,0
24,0.0151269926,1,1,1,0,1,0,1,0,1,0,0
62,0.1561496007,0,1,1,0.8571428571,0,1,0,0,0,1,0
15,0.0282127195,1,1,0,0,0,0,0,0,0,1,0
0.83,0.0365975627,0.5,1,0,0,0,1,1,0,0,0,0
24,0.0141104587,1,0,1,0,0,0,1,0,1,0,0
23,0.0153303774,1,0,1,0,0,1,1,0,1,0,0
18,0.0162005211,1,0,1,0,0,1,1,0,1,0,0
39,0.1623141917,0,1,0,0.4285714286,0,0,0,1,0,0,0
21,0.0169080739,1,0,1,0,0,1,1,0,1,0,0
24,0.0157125536,1,0,1,0,0,1,1,0,1,0,0
32,0.1102724576,1,1,1,0,0,1,1,0,1,0,0
37,0.0579705393,0,1,1,0.7142857143,0,0,1,0,1,0,0
20,0.0154685698,1,0,1,0,0,1,1,0,1,0,0
16,0.0204946351,0.5,0,1,0,0,1,1,0,1,0,0
30,0.0605079703,0,1,1,0,0,0,0,1,0,0,0
34.5,0.0125651632,1,0,1,0,0,0,1,0,1,0,0
17,0.0169080739,1,0,1,0,0,1,1,0,1,0,0
42,0.0147366186,1,0,1,0,0,1,1,0,1,0,0
24,0.1357525591,1,0,0,0,0,1,1,0,1,0,0
35,0.0154115752,1,0,1,0,0,0,1,0,1,0,0
28,0.0644117103,0.5,0,0,0,0,1,1,0,0,0,1
37,0.1739198156,0,1,0,0.7142857143,0,0,0,0,0,1,0
4,0.0610447345,1,0,0,0,0,1,1,0,0,0,0
74,0.0151757893,1,0,1,0,0,1,1,0,1,0,0
9,0.0297578198,1,0,0,0,0,0,0,1,0,0,0
16,0.0769036783,0,1,0,0.5714285714,0,1,0,1,0,0,0
44,0.0507486202,0.5,0,0,0,0,1,0,0,0,1,0
18,0.0182499846,1,1,0,0,0,1,0,0,0,1,0
45,0.3217983671,0,1,0,0,0,1,0,0,0,1,0
51,0.0518221487,0,1,1,0.4285714286,0,1,1,0,1,0,0
24,0.0375896982,1,1,0,0,0,0,0,0,0,1,0
24,0.0141104587,1,0,1,0,0,0,1,0,1,0,0
41,0.0275375676,1,0,0,0,0,1,1,0,1,0,0
21,0.0224465051,0.5,0,0,0,0,1,1,0,1,0,0
48,0.0506104278,0,1,1,0.5714285714,0,1,0,0,0,1,0
24,0.1357525591,1,0,0,0,0,1,0,1,0,0,0
24,0.0253743101,0.5,0,1,0,0,1,1,0,1,0,0
42,0.0253743101,0.5,1,1,0,0,1,0,0,0,1,0
27,0.0270496001,0.5,1,0,0,0,0,0,1,0,0,0
31,0.0985612376,0,0,1,1,0,1,1,0,1,0,0
24,0.0185427651,1,0,1,0,0,1,1,0,1,0,0
4,0.0217307544,1,1,0,0,0,1,1,0,0,0,0
26,0.0154115752,1,0,1,0,0,1,1,0,1,0,0
47,0.1025789668,0,1,0,0.5714285714,0,1,0,0,0,1,0
33,0.00975935,0,0,1,0.8571428571,0,1,1,0,1,0,0
47,0.0175668301,1,0,1,0,0,1,1,0,1,0,0
28,0.0468448802,0.5,1,0,0,0,0,0,0,0,1,0
15,0.0141022608,1,1,1,0,0,0,0,1,0,0,0
20,0.0192177217,1,0,1,0,0,1,1,0,1,0,0
19,0.0154115752,1,0,1,0,0,1,1,0,1,0,0
24,0.0154115752,1,0,1,0,0,1,1,0,1,0,0
56,0.1623141917,0,1,0,0.7142857143,0,0,0,0,0,1,0
25,0.0507486202,0.5,1,0,0,0,1,0,0,0,1,0
33,0.0154115752,1,0,1,0,0,1,1,0,1,0,0
22,0.0205272313,1,0,1,0,0,1,0,1,0,0,0
28,0.0204946351,0.5,0,1,0,0,1,1,0,1,0,0
25,0.0137606836,1,0,1,0,0,1,1,0,1,0,0
39,0.056848214,1,0,0,0,1,0,0,0,0,1,0
27,0.0253743101,0.5,0,1,0,0,1,1,0,0,0,1
19,0.0585561003,0,1,1,0.8571428571,0,1,0,1,0,0,0
24,0.0457713517,1,0,0,0,0,1,0,1,0,0,0
26,0.0585561003,0,1,1,0.7142857143,0,0,1,0,1,0,0
32,0.0151269926,1,0,1,0,1,0,1,0,1,0,0
